..83-

182, 1. 192, 9. 219, 2 - naturae
1,99 20 1121212127, 22. 18, 28. 199,
18118, 26. 139, 2. 2452 277,11
1111111125, 20, 12, 26. 14,-,4 16 24.
84,2. 11. *36, 14. 37, 6. 27. 99, 21.
49, 15. 56, 1. 60 22 625.6427
66, 24 112,8. 114, 8. *116,5. 129,
8. 134, 31. 186, 11.19. 187, 27.138,
17. 19. 199,14. 172, 22.17,8 14.

ΜᾙΜΜΜΜΜΜΜῃ

ΜΜΜΜΜΜΜΜΜ,
112121221542121
.260,15 naturae 18, 8. 13818. 191,
11 naturas 18, 2. 139, 24

ηΜΜΜΜΜΜΜΜΜ
5237, 16 naturalem 129, 8. 124,
ΜΜΜΜΜΜΜΜΜ
1ΜΜΜ21ΜΜ2Μ2
ωΜΜΜΜΜΜΜΜ
20, 158, 25 184,4, 210, 28 natu·
121311 5, 24. 210, 21. 35, 9. 9,22. 16,
. 22 33, 8. 178, 13 1211112115121 10,
18 36, 27, 282, 18-11211111111101
19,17, 32,17. 42,.7 49, 24. 99, 29.
ΜΜΜΜΜΜΜΜΜ
ΜΜΜΜΜΜΜΜΜ
mm

nauali 256, 12 - subst. naualia *129,
4 2112211012111180,29

naufragio 131, 14. 25

nauiculae *281, 4 nauicularmn
ΜΜ

nauigationis 265, 28 nauigationibua
ΜΜ

nauigo nauigantes 263, 11

nauis 231, 2, 294 9 205, 17. *12, 21.
172, 9. 294, 1. (279, 61 nauem 254,
17. 20. 264, 24 112111265,),*279,11
naues 181, 6. 283, 3 (longae) 279 2
3221021122, 5. 131, 9 249, 24. 275, ’

15 naues 51, 21. 128, 24. 129, 9.
249, 21, 288, 3 112111511151,14.19.
59,16.139,13
1.112(11251151173,17
2.,113060111,1,8,,,,.779510823,
183,921. 37, 7. 92,4.19 53,20,
ΜώΜΜΜΜΜΜ2
ΜΜΜΜΜΜΜΜ,1
ΜΜΜΜΜΜΜΜΜ
ΜΜΜΜΜΜΜΜΜ
4ΜΜΜΜΜΜΜΜ
nene- 111 ne 22,1.83, 6. 106, 9,
ΜΜΜΜΜΜΜΜΜ
170,3. 259,2 dumne 119,6, 147,
2316520 - ne 1111112215, 16. *73
ΜΜΜΜΜΜΜΜΜ

11. 23 (99). 24. 29. 129, 18. 139,9.
112, 17. 18. 22 018· 146, 29. 147, 13.
15 19. 20, 163, 12. 19. 164, 20, 199,
4.170,17, 189, 29. 297, 2. 29. 209,
10, 211, 11. 273, 25 1111-11111112111
*43, 27 (1125115111 138, 27. 281, 23

1121111111 16, 6 nebulae 1¹9⁹, 4 1155111111
123, 30.1,89 9

nebul9sus 191. 123, 25 nebulosum
Μω

ΜΜΜΜΜΜΜΜΜ1,

ιωῃΜΜΜΜωωω
21, 15. 24. 29 013. 32,12. 99,18, *19.
ΜΜΜΜΜΜΜΜΜ
ΜΜΜΜΜΜΜΜΜ
512152112225
ΜΜΜΜΜΜΜΜΜ
4ΜΜΜΜΜΜΜΜ
24. 170, 24. 177,19013, 184, 7. 187,
ΜΜΜΜΜΜΜΜΜ
ΜΜΜΜΜΜΜ1Μ
13 nec - quidem 194, 9. 148,
27) nec solum 46,16. 198, 5, 248,
5- necne 178,17
Μ-ΜΜΜΜΜΜΜ
ΜΜΜΜΜΜΜΜΜ
ΜΜΜΜΜΜΜΜΜ
Lmfflwmamawma
ΜΜΜΜΜΜΜΛ
251121211222111
1ΜΜΜΜΜΜΜΜΜ

¹ 91'8. 38, 1. 2. 40, 3, 8. 12. 13. 49, 4.

ιυμωΜΜΜΜΜη
ΜΜΜΜΜΜΜΜΜ1
ΜΜΜΜΜΜΜΜΜ
ΜΜΜΜΜΜΜΜΜ
ΜΜΜΜΜΜΜΜΜ
16.177,18. 184, 7. 11. 192, 2. 197,
2.2ΜΜ2ΜΜΜΜ1
4, 231, 22. 242, 13, 211, 250, 20.
ΜΜΜΜΜΜΜΜΜ
28115. 6 - neque solum 203,8
neque — neque 14, 9. 16, 1, 20, 7.
1ΜΜΜ2ΜΜΜΜΜ
ημΜΜΜΜΜΜΜ
ΜΜΜΜΜΉΜΜΜ
16. 2011, 17. 209, 6. 217, 16. 18. 248,
17. 24517. 248 <,4.> 288,13 ne-
que—neo 99,19.79,18. 173,19.
184,19.199,17. 239, 9. 292, 14
nee— neque 243 ,7 111111112- et
ΜΜΜΜ

necessaria 124, 20. 185, 14 neeessa-
1111111 64, 21 necessariae 10, 7. 32,
4. 66, 18 necessaria 7, 4., 128, 21.
ΜΜΜΜΜΜΜΜΜ

6*

 

