„30-

credent 1, 95 61666161*63,9 cre· 6661666*65,19.68,1 6661612765
6611416111 est 186, 22 cubitum 05, 19. 01. 90 cubito 19,
61366163161182,9 17.68,13 cubita 274,12 - 14
crepidine 129, 27 crepidines 91, 19. cubitorum 273, 26. 2764 tis. 8. 11.
164 (166163
crepitum137,2 66066 6. cybus ¹
crescentiae 238, 23 crescentias 238, eulina 140, 91 culinae 141, 1. 9 euli-
14. 230, 3 nam 148, 1
6166611226, 7. 28 crescunt 13, 20 6611614116 147,11
6116663167, 10 6166611116 33,9 cre· eulmen 107,18
. 66616 32,12.184,7.281,16 cre· cnlp9066,16 ,
61666 42, 27 crescendo 98, 93. 105, cultelli 166, 22
201369 61666666 26, 1. 54, 18. cultrum (in) 257,14 in cultro 263,
1161. 133, 1. 163, 16 crescentis 6666616
’ 32,Ῑο 218, 28 crescenti 224, 20 6611161641111666.6,9.12,10.16,21.
crescentes 86,29. 109, 23. 164, 11 17, 11. 16. 18, 12. 23, 21. 22 bic.
, crescentia 156,ss crescentes 113, 20. 27,18. 38, 3. 12. 13. 39, 9. 11.
4. 166, 64 11. 63. 46, 90. 41,,13. 66. 46, 1. 3.·
(Cresiphon 6. Chersiphron) 11. 47, 27. 48, 24. 26. 53, 26. 04, 3.
- Creta Cretae 19, 8. 69,3 11. 66, 12. 19. 66, 11. 20. 22. 27. 68,
414631361411666 eretue 110, 93 1. 59, 15. 6663. 61,6.11,6.11.166
614631116663. 1661 4141333, 13. 11.<105,90.>109,99.110‚99. 111,
166, 26. 182, 17. 186, 28. 187, 7 7. 10.11.119,9.13.110,19.13.139,
cretenses 1616 cretensium 19‚1 16. 136, 63. 133, 95. 191, 13. 141,
eretssc 366 61. 146,1.*13616. 16663. 16616.
cretus u. uerus , 161,3.166,13.16.166,16644. 115,
creusae *666 6.111,6.13.116,6.16.1616611.
ueritus 661 16616. 195, 1. 1666. 66. 166, 6.
ursocius (uriudoeis) *61616 13. 63. 1663166666. 161613.
erisps 133, 13 crispis 1164 · 166, 11. 66663. 6161666. (616,
· eristum 991,13 eristu 991,10 10.>911,19.910,11.919‚99.990,11. .
(erebi pro Cottii 199‚91) 666, 4. 64. 61. 991,10. 16. 6463.
6106041111 191,11 241, 4. 17. 242, 7. 13. 244, 6. 246,
Croesus 166, 16 Croesi 49,14 26. 26. 264, 6. 12. 18. 22. 27. 266, 2.
Crotoniates 61616 4. 3. *66. 631, <6> 1. 661, 91. 666, ·
crudeliter 50,16 16. 17. 26. 268,14. *16 — c. ind.
crudus‚23,6 crudum 275,11 616- impf. 33, 24 - 611141. sut. 12,
<iss 163, 66 emitis 614, 6. 613, 1. 61. 14, 66. 16, 3. 66, 64. 66, 11. 33,
6166116661 6361666611613.1461364.
urus eruru 164, 63 eruribus 13616. 154, 14. 15. 163, 63. 166, 3. 161, 99.
905,9 16611.163,66.666,6.666,1.*641,
crustant, 19. 6366 urusturu 6363 3. 636, 61663, 1. 664, 16- e. sut.
crustae 4613 erustururr 1166 11 16, 146631.6666661641,
erustus 166, 11 crustis 16616 616616. 1366. 13613. 16616.
crux crucem 158,3 22. 168, 22. 187,19. 206,14. 248,
cryptae *14t,19 6636116166-14,1.61,16. ,
ctesibius 63616 99, 61. 36, 91. 40, 11. 41, 64. 361.
ctesibius *1663 ctesibius *661, 6. 33,16661661161.16616166,
6ο616316111661666116163 cte· ’13. 166, 9. 113, 63. 16613. 161,-4.
sitio *6363 ⁴ 133, 91. 140,1. 141, 6. 143, 6. 136,
3131663146, 61) 14611. 14611. 146, 16. 95. 136, 61. 16661. 1661. 13.
13. 16 cubiculis 14, 6 cubiculo 165, 81319. 166,7. 167,1.23. 168,
66, 66. 150, 6. 16 3. 316. 16616. 1166. 119,11. 181,
rutilis 41, 15. 48, 4. 46, 61. 63, 63 6. 6666. 6163. 6164. 66614. 664,
cubilitus 11613 13, 663, 63. 66661. 910, s·- 13,
(cubitum pro cubitus 6619) 19. (91.) 24. 31, 30. 41, 26. 64, 11.

 

