-10‘-

Apollonia283,3 Apolloniam 105,19 aqua 50, 22. 53, 9. 184, 26. *185, 4.

Apolloniatibus 283,11

Apollonius 10, 16. 236, 20 Apollo-
0000 .·

apophysi 100, *1.5

apothecae 145, 20

apothesim 87,16

appagineeuli 173, 4

apparatio 124, 21’ 140, 2 apparatio·
11011120 apparatione *54,1 appa
1011011160*62,10.*175,14

apparatus 171, 14- 244 3 124, 15.
161, 3. 241, 26

0111101111 111, 6. 0. 12 apparent 46, 3.
οΜΜο,00000,’0
011110100111222,12 apparebit 73,
23. 78 3 appaiuisset 60 4 011110·
1111022023 apparentem 10,12
apparentes 188,10.111,2 appa·
1011110 64, 18- 62, 21. *111, 3

(apparitio u. apparatio)

apparo apparatus 184, 23

appellatione 150, 26 appellationes

apioleil'owappellamus 151,3 appel-
0000000οΜ1
00000000000
0000000000
0000000000
0000000000
3. 273, 23 appellauerunt 85, 13.
0000000000
00400000001
Μο00000οω1
mmmfflmmmmmm
25. 229, 20. 243, 29. 246, 25. 249,
14. 254,”. 2 ,261, 17. 269, 23. 271, 9.
17 appellantur 75 16. 112,16. 227,
2.1 228, 13. 262, 7 01111011010101
37, 17. 281, 2 appellata est uo 0

0000000000
mmmmmwmmmm
10000000000
000040010000
-0000000000
0000000000
0,00001οΜ00
mmnwmmmmffln
mammfflmamfflm
100000οω00
0000000000
mmmwwmmmmm
0.000οῌΗοΜ1
mmmmmmammm
0000000000
000000000004

0000000001-

0000000000
0.000000000
0000000000
15.184,3. 185, 27. 187, 6. 8. 1619.
000000000,
24.292,12.205,10.206,10.15.17.297,
00000000000000
0000000000
mmmommfflmma
mmmmmwfflwmn
0000000000
0000000000
3.139,13.16.179,22.178,.5 182,
20.183,0*194,9.195,14.20. 190,
2120020, 205150 206,Ῑο 216,
*6 16237, 4. 34. 238, 21. 239, 14.
15 *241, 11. 260,7, 283, 7 aquae
rammmfflmammm
5, 23. 7, 2. 5. 13, 23. 14, 3. 43, 4. 83,
8.123,24. 124,11. 183, 8. 200, 8.
204, 10. 207, 14. 210, 18. 237, 23.
238,16 aquis 218,1-5 ef. dictio

appellare 273,13 appellauisso 01101111003010111101112201510. 241,

108,18 appellatus esse 28, 3
appen'dit 215,13

*7.10 aquarium 227, 22 aquario
227, 23. 231, 15

Appenninus 43, 24 Appennini 61,4 aquariis adj. 205,18

Appenninum 43, 26
apricis 61, 0. 24. 62, 1

aquatiles 18,8
aquila sidae 21203

apta 11, 20. 15, 23 aptam 102,16 Α(1111010111*20,3
aptol,8 1111101150. 30, 25. 37, Aquiliana 106,1
40110013, 6. 37 31 l71,4- apte 0111111025,14190,4’0(111111111011127,

11111, 11, 138, 16. *144, 13 aptissime
'¹ 2

13. 29, 21 bas 134, 27. 147,21. 131,
18 aquilone 125,2

00000000000000,00000000
001οΜΜΜο,Ήο00000
0.00.οΜΜο,000000003000000

25. 261, 4 *231, 8 343, 28
Apulia 23, 0

ἁ.

ararum 102, 25 0110 102, 16

0000001

 

