-113-

res 3, 0. 42, 22. 52, 22. 88, 17. 89,15. resonantia 109, 20 - 110, 7
103, 5. 170, 0. 177, 3. 18010. 223, resono resonantes 121, 7. 14
10. 241, 20. 2023 131 1,10. 10, respicere 90,14
23. 12, 7. 20, 2. 52, 13.64,1.08,12. respondent 12, 12 respondeat 80,
111. 1301.113,11.113,1.11.11 s. *311 3113. 10013. *1011
11111. 13113 ren 11. 31, 3. respondeant 3111. 31311111.
3113 133,15. 133, 3. 133, 7. 254, 1311. 1311. 1111311111133,
3 13 3,3.3.3,1.13,13.13,1.33, 113013 responderet 213, 11
25. 07,4. 0110. *88,11. 111,17. 148, respondit 14110 respondere 42,
12. *151, 10. 158,22.25. laci. 223, 1. 118, 24. 158, 25. 17222 respon·
12. <225,20>. 2024 133 10,1. disse 157, 25 respondens 720
31, 3. 13. 11, 13. 3111. 31, 3. 113, respondentes 1311013113 13-
27. 150, 24. 155, 12. 156, 4. 108,13. spondentia 2022 respondentibus
1303. 1313. 100, 0. 110, 23. *131, 131, 13
2025210 13101112,12.5,20.26. 133110130111158,7.157,23 responsa‘
1111131110. 111313. 33, 3; 13 responsis 3111311133,
1.10313.1111113111113. 3.217‚2
40, 15. 54, 8. 50, 1. 5. 00, 23. 02, 5. responsus 12, 4. 10 responsum 55,
1333,1.3111130311013101, 13. 3110. 13113. 1311111313.
20. 116, 3. 119, 5, 131, 27. 133, 24. 27213
13131. 133, 11. 13. 13111. 133, respublica 111 reiputiieoe 1eo,17
17. 20. 140, 0. 155, 14. 101 , 13. 172, 3131031001103212, 1011105110113 ·
022. 177, 22. (13131). 13113. respuo respuant 170,20. 23
10011. 11011. 111310. 1113. restagnent 11011
1101. 13111. 133, 13. 111, 11, restituentes
2455 1351313,3.130,3.111,13. 133111011221,12.122,7 1331111113331
13110 13111311101113, ,1013 13311313111*13,11.101,3.
23. 33, 8. 26. 34, 9. 3221. 42, 7. 222,1.241,23 103111000111123, 23.
104, 16. 124, 24. 134, 6. 140, 5. 150, 55, 2. 193,17. 20 restituatur 179,
14. 154, 25. 155, 17. 170, 25. 174, 8. 18 13311103111111111 184, 22
1313. 1311. 10110. 1113111, resto restet 241‚27.272, 13
17. 233, 5. 236, 7. 237, 0. 249, 20. resupinatam 32, 17 resupinati 247,7
278, 23. 280, 12. 15 rebus 1,15. retardationes 220, 19
3, 4. 11. 113. 1310. 10311, <1333 111,13>
13. *1111 31, 23. 31111311. retentiones 11113
37, 12. 43, 10. 17. 01, 2. 66,25. 83, reticulatum 46,18. 20 reticulata
103113. 10111. 113, 14. 110, 1011
2123.124,14.132,27.152,25. retinacula 247,5 retinaculis 247,
1303. 13110. 172, 3. 113, 1. 1. 1314111213.

, 113, 4. 1313. 131310. 10110. retiret oe,7 retinent 3113 reti.
13113. 1313. 103, 11. 101, 5. 13. notent 11110 retinetur 247,21
13.111,111111.1111111113. retinentur 1101 retinentur 130, ·
23218. 237, 10. 243, 4. 2400. 259, 16 retinere178,25 retineri 225,
13. 13111. 1311111113. 10. 3 retinendo 1311311111
283,1 u. respublica retractiones *70 20 ·

rescindent 228 retroducere 251,17

residebunt *177, 12 u. seq. retrorsus 220, 19. 265, 20. 289, 7

residit *193, 14 residunt 193,17 13031111101107,1113031131101212,
resedit 177,11.(193, 14) residens 8 reuertar 37, 4. 1789 reuerti
11110 3111. 131, 1113111 reuertente

residuum 41, 25 220, 11. 24118 13031131133 stass

resiliat *12115 resiliens 1213 reuiuisceret 174, 24

resina 58, 20. leae resinam 50, 20 nepotationibus 22117

resistit 56, 24 resistunt 13119 re· reuoco reuocandam 18, 22
3131010 125, 16.135,15. 152, 20 rex 49, 20. 50, 27. 51, 3. 122, 7. 156,

resoluuntur 10, 19 13. 131, 1. 11. 13. 13013. 1011.

Vitruvius. 8

 

