..14-

24. 35, 10. 38, 6. 40, 10. 41, 4, 8. 10, Babyloni (em) *196,9 Babylone 93,

41, 4. 8. 10. 11. 11111. 52, 8. 11. 53, 1. 105, 21

8.16. 68,.3 69, 6. 61, 3. 69, 99. 63, bacas 197, 22

6.14.16.17,1.71,11.71,9.1 75, 6000101016*41,..9.*168,7

90 99 93<611> 76, 7611. 90 <7> 96 Baianis 42, 8. 23 '

018 93, 6. 91, 1. <’3>. 4. 99. 96, 3. Balearibus 176,16.203,10

103,8. 104, 98. 105, 10. 108, 8. 90. balineum *215 91 balineae *1616

1311111.111,13.’113,11.11111. *11111 1111111111111131. (bal-

11111.113,1.113,11.111,11.113, reorum) *11111 balineis *14,5

17.129,25. 130, 22. 133, 93. 134, 4. balineas *2013 balineis 189, 13

13.130,901“3.<1>4166131431. ballista 968, 93. 969, 6. 14 ballistae

144,9.10.147,21.148,18.149,19. 12, 20 ballista 981,7 ballistae

161, 4. 6. 15. 152, 5. 14. 164, 9. 3. 244,16. 255, 20 ballistarum 2, 4.

155,11. 152,18. 24. 158, 8. 24 bia. 5, 8. 255, 4. 288, 10. 211. 3. 284,11 .

104, 11.166,17.28. 167, 10. 179, ballistis 271, 24. 275, 4. 979, 23.

13.113,12.14.174,12.15.18.118, 284,12 ,

4. 118, iobis. 180, 11. 183,1. 181, balnearia 111111. 111, 14. 118, 28

2 611. 4. 188, 19. 191,18. 18. 109, (balneum u. balineum*)

14. 108, (11. 11. 131, 14. 131,8br·a baltei 18, 14 balteorum 1811

*131, 4. 204, 13111. 13.Ι 205, 8. barathrum 284,4

12. 18 618. 900, 24. 207, 17. 19. 209, barbarico 5, 5. 35, 0

(111). 13. 11. 111, 1. 8. 18. 212, barbarorum 50,23.138,8 barbarea

18. 213, 14. 218, 18. 222, 25. 221, 50,14. 10

25. 235,21.238,1. 11. 14. 15. 18. geroiana *2441

28. 243, 3. 253, 21. 255, 3. 258, 10. aryeepbalae 111, 11

111111111.1111101111), balineae 1111, 8. 101, 4. 13 basilica

12. 981, 90 aut — aut 12,19. 107,9 basilicae 145, 28 basilica-

111111,11,11,11.11,11.13,13. rum 105,24.105,1.12. 113, 11

53,15. 54, 1. 80, 23. 84, 8. 11119, basis 251, 4. 1. 11111. 11113111,

18. 14316. 17. 148, 11. 171,16. 94 basis 9870. 271,17 baseos 277,

132, 1. 134, 11. 13. 131, 1210. 248, 20 11111111 barim 31, 25. *228,

15. 255,18. 1111 111 -eeu 15. 231, 0. 1111. 251, 4. 213, 3.

118, 15 218, 3. 2184 basi 251,8. 11111
31131133316111714)*146,9.181,3.6311113161

281, 16 (70 5. 217, 20. 981 ‚20) bellico 969, 9

autorr'alopoeetar *231, 28 . bellam belii 30, 21 ’131, 11 284, 22
autumnale 38,10 *22'1, 13 11111111 bellum 4,142813 bello 4 ’13.

nali 54, 96 autumnalia 144, 94 85, 9. 199, 7, 124, ‘15. 989,19
autumnitlibus 179, 1 · bellu's bellissime 908, 96
autumno 54, 10 bene u. bonus
auxiliatur 255, 7 auxiliaretur 989,6 beneficium 13315 beneficio 9, 8.
auxiliata 191, 17 85,11. 161, 11
311116111111991 auxilio 11613 auxi· benignitati 185, 7
lia 82, 96. 184, 23 auxiliis 280,12 Berosus 994, 99. 939, 14. 936,14
axiculo 963, 99 axiculi 252, 18. 978, 633 bessem 67, *7. *14 (bes 3113111111)
19 aurulae 2458 bessalibus *196, 19. *170, 16
1111139301917. 947,91.<966, 3.) bestiam 1161193090-611111111111
964 94 966, 9. 91 0111130314 16, 6. 19, 96. 131,3. 173, 9. 191,11.
919,4 4231, 21. 256, 6. 957,19. 971, 199, 6. 9036
14 axem 135,11. 97. 939, 17. 248, bestiolas 58,17 147, 25
13. 256, 7. 11. 15. 10. 257, 9. 3. 966, b1bllothecam(7151·5 ubique fere bybl)
91 515248,11. 966,96.967,17. 166, 8. 90. 167, 16 616110 heoae
205,5 11111161. 930, 13 axes 70, 144, 18. 145, 28 bibliothecis 145
18. 8313 103,1.*7.941,17.160,6166601131 149, 96 bibliothee'is
111161 144, 13
311011936011110111*936,1911111111971,9 616ο bibit t,194 19 616111110490.

 

