- 122 -.

sinus 226,11 sinum 227,*3. 11 428. 46,2o.63,26.66,2 soliti-
(sinysiam sinistam 1831) lete 182,28.188,1.183,4
siticulosum 162, 15 siticulosam solido solidantur 17, 2. 42, 21. 61,
165, 27 22 solidetur 162 20.163,16 8011-
situlos 257,1.2 dentur 247, 7 8511118112 e’st 8312
sineal'nd. 31, lois. 36, 6. 99, 15. 153, solidati fuerint 188, 5 solidata
12. 166, 8. 264, 7. 265, 15. 267,12. 3318 801103180121718 solidati
268,2-6,14.lo,10.23,6513.28, 251221 801103188*45,21.61,24 ,
14. 36, 6. 42, 20. 34, 22. 10633. 126, solidanda 18, 20
27.127,4.129,1.2.11.27.130, solidus 162,23 solida 236,17 soli-
28. 118, 21. 208, 4. 224, 22. 228, 1181818211 solidam 16, 26 soli-
4. 236, 14. 11. 238, 4. 128314.) 48818421 881111848218828
276, 7. 278,2 siue — siue 28, 6. 8011110 121,16.264,24 solida 63,
121. 18, 8. 31, 7. 1234. 18810. 51525 solidis 11814. 121,10.
136, 10. 235, 20 81118 - 8811 139, 186, 4 - 311581.8011111111175,21
19. 163,21.206, 12 solido 162, 4 solidum 15, 20. 21,
Smyrnae 122,11218)*188,4.*118, 21 3 76, *12 *18. 130 18 88111821,
, -81113111880111111*85,113*75,12-80111110144,12 ,soli-
80818188155,14 Socrati 64,6 80-111018200,15 solidissima 207,1
812181116216 Socraticus 131,14 obl 21, 6 75, 14 80111118811111876,2
sol 27, 18. 38, 11. 61, 22. 108, 23111, solium 218, 21. 23 solio 218, 28
3. 123, 26. 138, 1. 144, 16. 141, 8. sollertem 13811 sollerti 243, 13.
118, 11. 188, 13. 183, 3. 2323. 223, 28318 sollertes 11622
6. 1217, 222, 6. 24. 224, 9. 225, 8. sollertia 64,1 sollertiae 10,9 sol-
13. 228, 12. 18. 18. 21. 221, *a 14. lertism 43, 22 sollertia 2,23. 10,
28. 232, 6. 233, 3. 240, 221 solis 20. 31, 7. 36, 28. 83, 18. 13. 13, 8.
14, 3. 16, 18. 20. 28, 28. 31, 10. 20. 111, 18. 113, 6. 121, 1. 137, 21. 26.
1311112328.138121413812 161, 10. 160, 21. 210, 20. 213, 3.
136, 21. 144, 26. 146, 1. 146, 26. 232, 13. 263, 10. 282, 13. 264,13
151, 8. 179, 7. 182, 2. 10. 184, 23. sollertiis 158,12
181,1.28.28. 188, 8. 20. 183,1. solstitialis 2366 solstitiale 2223
130, 8, 131,16. 138, 21. 138, 31. solstitiales 241, 17
216, 16. 27. 220, 18. 221, 13. 222, 3. solstitium 7, 13. 38, 13. 144, 21
1020. 224, 12. 2628. 226, 6. 22. 1. solum solet. 84,1.18,13.128,18.
226, 3. 14. 20. 232, 8. 234, 3. 13. 182,11.201,1.13. 211, 11. 111, 11
239, 21. 245,2 8018111 148, 3. 220, 8010 171, 16. 263, 3. 263, 15. 267,
22. 222, 8. 225, 12.226,10. 18 sole 15 80118 11, 25
16, 3. 3. 11. 28, 2. 4013. 137, 22. 2. solnm 11118. 11011 80111111 1, 1012.
163, 12.22.223,1.228,11.11228, 18,23.21,21.24,8.38,283881,
4. 8, 18. 12 - soli 1221 14. 82, 22. 124, 21. 133, 21. 148, 1.
solanum· (88. 0811111111) 24, 26. 25, 11. 154, 20. 169, 7. 184, 6. 185,1. 199,
14. 29, 22 018 4. 203, 20. 21216. 23. 213, 5. 217,
solet 23, 13. 27, 10. 183, 4. 6. *233, 13 nee solum 46, 16. 133, 5. 233,
212184 8818111422, 30. 53,7.66,· 6.161,2o.243,6
13. 8818. 131, 24. 148, 6. 141, 28. soluo (soluens Joe. 121, 12) sel sol-
146, 28. 183, 23. 166, 13. 134, 2. uendom261, 16 solutoae,2.166,1
' 135,16.133,11.273,3.280,5 sole· 801118 sola 260,13 80111111,132,3
list 273, 20 8011111111 881 144, 26 80118 3,1 - 11. 80111111
Soli Solis 195, 13 sonitus 113, 25. 6, 16. 111, 8. 13321.
solidationis 162,13 solidationes 237,19.272,13 sonitum 114, 8.
106, 33 118, 12. 136, 6. 18. 212, 11 -sooito
solidescit 64, 25 solidescunt 41, 13. 115, 22. 13613. 137, 2. 265, *1728
42,12 solidesoat 43,16 solide· sonitus 112,11.113,9.137,5 so·
scendo *166, 1. 188, 14 nitoom *8,12.*110,13.22114,4.
soliditas 167,23 soliditatis 41,21. *116, 13 sonitus 6, 7. 135,7 soni-
43,13 soliditatem 37, 25. 41, 2. tibus *13610

 

