-84-

944, 20. 252, 9. 260, 19 necessa· nimirum *215, 10
riis 124,14 —- 011051. necessariis nimium 119, 9211, 7. (215, 10)
1324 - necessario 89, 8. 162, 20. nisi praeced. ueqcita'oue 11, 4. 30, 22.
109,16.195,11.213,11 32, 5. 43, 2. 59, 4. 132, 17. 133, 22.

11000000 001 5,21. 90, 29. 94,12.110, 134, 5. 13625, 145,11. 146,26.180,
18.110,10. 118, 28. 169, 15. 209 13. ’194, 22. 197 ,15. 199, '19. 212,
13.17.208,13,210,19 01111825 19. 223, 12. 246, 20. 251, 13. 2683,
0111211,22.223,24 0121251,16 232032- 1110101 105,28. 168,
1110101203,14 uidetur 245, 24 18. 191, 19- -nisi c. 05111. pr. 37,
habeant 30, 23 habui 280, 4 12. 40, ’12. 59, 6. 133, 18. 170, 25.

necessit-as 40,8. 198, 29. 119, 2. 163, 182, 15. 200, 22 o. coni. imp. 159,
3. 104,14. 220, 2. 2438 necessi· 13. 108, 6, 250, 21 0. 0551117500.
1510111 10, 24 53,2. 200, 21. 206, 3 33,4.155,18.245,15.19 c. 11111.
necessitate* 54, 14. 86, 30. 103, 15. [111. ΙΙ.’ 5, 29. 28. 6, 7. 7,1.8 22 ,,10
183, 20. 210, 21 27. 221, 3. 245, 11. 18. 52, 19. 05,7,71, 7 109, 24. 154,
240, 3 1100090110 100133,’ 1. 139, 25. 21.17321.184,9-166,2.253,15’
180, 4. 185, 1. 204, 10 5000001100- 111050 intr genibus ’*229, 10
11110’144,9. 180, 15 niteo nitentia 199, 5. 2244

neoo 5000511 283, 20 necantur 20, 2 nitidos 108, 0 5111111020525111-
necatum 0000 ’199, 21 (1101001483

nefas est 52,2 5111111228,6 nituntur 18, 8. 156,2.

50305128, 5 negauit 911, 22. 281, 11. 219, 24 51050 sum 11, 6 niti 263, 3
2827 negauerunt 99, 20 negan-' nitentesl29,4.189,3 nisus*229,19
dum est 177, 22 uit-orem 245,17

5035110101οε 105, 20. 232,1 negotia· nitrosum 194,3
toribus 106,8 nitrum nitri 180, 28

50301101 negotiantes 107,8 niues 188,- 2

negotium negotiis 103, 25 nobilem 281, 3 nobili 50,4. 2425

Nemea pl. 212,5 50111100 05, 22. 159, 20 ’5011111615

50515505. 015. 111, 1015105010 o3, 13. 110,5,55,1.’,0011-5510.
90,2.134,3.160,11.194,19199, 145,24110151100151001591355111-
12. 213, 23 1110135. 160, 22

Nemori 0ianae 101,]9-501110- 5011111101οω9,2’.32,22.63,13.212,
111150 33, 15 20 nobilitat 00 217, 15

nene (ne G.) 198, 23 5000512317 5500151597 50005-

Neptunius 199,2 1111*45,22 50001021,25,22,17.

neque u. nee 45,18.132,1. 147,25. 166, 10107,

50151000104,12 13.277,10’ nocem 5914 nocens

neruo 9, 9. 209, 5. 272, 1 nerui 194, 2106 nocentes 28,17.58,17 -
11. 2039 neruorum 193, 21 ner· 108, 21 nocentium 131, 3
1100 194, 10 500111’ 189, 9. 283, 4. 24

Nexaris 159, 21 50110110111050,10’

501011218510. 19 1101011(111.)*114,5011110231,13’5ο11005615, 166, 21
21. 23.’ 24 <netarum 135 ,21> 5015011147, 10 5015015111 59, 21

· 51 *160, 8. *105, 21. <245, 2.) Nomadum ’*196, 2

1111100317 nomen 170,19 nominis 68, 7. 102, 7

51301124, 24 11131040, 4. 57, 3 nigri nomen 252, 5 nomine (39, 22. )3’2,
171, 20 51310179, 20 1113101862 20. 158, 9. 179, 22. 190,19.194,24.
nigris 135’,’ 13 195, 13. 273, 5. 280, 21 nomina

nihil 49, 2. 72, 21. 115, 18. 133, 2. 27, ’10, 103, 17. 25, 15. 26,20, 113,
139,1’1.’20.199,18.243,12.204’,5. 192087 ’5015111111Πο 179, 24
275,12 nihilo, 221, 3 nominationes 84, 17. 161, 2, 103, 21

nihilominus 174,3.1'79, 12.221,3. 505115511015115’151,14’11515150-
223, 25, 253, 12’ tionibus 88,10

1111110191 ,7 1111132, 19. 191, 8 Nilum nomino 5515111051 111, 15. 151, 13.
99,11 228,4 501155051137 22 nomina-

 

