- 141 - ¹
8.239,11.243,27.266,6.264,7.266, uoluminis 37,3 1101111111111*64,26

16 unius 72,8.9l,21.26.92,1.2. 122,
29.263,2.268,20.70,17.73,12.77,10.
78,28, 80,13. 37, 24. 244,17. 182, 2.
266,12.1361“1.18. 13. 267, 4 unum
34,1.67,7.157,9.168,1.187,22.199,
19. 219, 6. 251, 13. 263, 20. 264, 16.
266, 7 unum 42, 19. 43, 10. 13. 48,
· 16. 61, 24. 62, 13. 86, 10. 124, 26.
149,21.163,19.213,13.216,4.261,
Ι 16. 254, 27. 266, 10. 280, 11 unum
· 28, 14, 107,18. 129, 16. 160, 6. 10

1111038,10.137,2.166,18.21.167,

uolumen 169, 1. 160, 9 uolumine
6666661661
Quumwnmnuanw
1nmmwmuwmnq
10. 166, 2. 16210. 206, 20. 212, 2.
242,2.260,20.284, 22 uoluminum
123,13 110111111111111,1. 83,14. 144,
23.167,12. 160, 7. 217,10.218,14
uoluminibus 2, 16. 11, 7. 31, 6. 62,
11.83,17.103,2. 104,2. 18. 21.
memmuwemeffiq'
10. 243, 20. 284, 26

6. 6. 2263. 266, 2 84,26. 104, 21. uoluntatem 134, 2. (260, 22) 11011111-

137, 6. 163, 6. 197,9. (221121.)

1111 50, 21

221,13.267,12 1111110,4.99,10.1101110 1101110611 261,16 0011111111

104, 4. 113,20. 127, 21. 129, 11

mnumemwumn.

219 3 noluerentur *260, 10 (11οι
mwwm

206, 16. 209, 11. 238, 8. 239,14. uoluptati 75, 4 uoluptatem 44, 4.

248, 16. 264, 2. 266, 9. 266, 12. 283,
19-111 unum 68,11. 139,19

uniuscuiusque 90,16.112,13 11110-
quoque 112, 11
uocabula 70, 13. 103, 14. 33, 26. 88,

118 18. 146, 2. *260, 22 uoluptate
12, 6 uoluptatibus 36, 16

γ’ unusquisque unaquaeque 88,17 11011111 11010111 79, 10. 87, 22 110111 “

ummmmwmmwffln
001111117826 uolutus 86, s 110111-
tis 13, 8. 78, 18. 173, *4. 6

2,112 21 uocabulis 87, 27. 88, ’111 1101111161 83 8
1100111111 11 12. 12,21.19,16.67,14. uoragine 282,16

77, 9. 127, 17. 161, 7. 244, 1. 262, uotiuum 215, 11
12 10011111111111137, 19 68, 0 11001-11011111111011 96, 6
111111128, 11. 173 26 220 24 *236 uox 6,l5.108,3.11.103,11.18.20.

13. 267 8 110011111111168,10231,12
’ 1100111101111167, 18 1001111011 est
182,14 10011111 62,6 1100111101
esse 28,6

11000 uocant 26, 13. 127, 6. 176, 22.
mnnwnmmuwm
3 uocatur 42, 30. 66,19. 226, 4
mmesmann
1100161111 *11201111 11001101-

110,1.311.23.111,1...47113,
20.116,3.118,1.3.121,3.0(12
,1701) 1101111100. 113, 26. 114,
3.116,6.'13. 121, 6. 11. 20. 136, 7.
20. 136, 6. 16. 18. 21 uocem 109,
6. 110,16. 111, 10 uoee 110, 6.
112, 6. 203, 20. 216, 1 uoces 33,
24. 244, 6. 260, 16. 203, 17. 237, 21
-263,2 100161120222

tur 208, 9. 236,6 1100111 226, 3. 7 urhunes 14, 24. 146, 12 - subet. 111-

(1100111 224, 28)
Volcani 30, 16. 17
11010 3214 uolumus 110,18.210,14

’ 1101110191,6.116,12.182,19 uelim

&numumneffimn
ummumwuoemmn

” 23. 249, 28 uellent 34,6 uoluit

bunis 148,6

urbem 30, 12. 22. 282, 6. 21 urbe

wssffinmmuMQw
urbibus 106,2 - urbs = Roma
urbis 62,19 urbi 46, 9 urbem
6161116166
urbe 52, 12. 21. 63, 1. 60, 26

63,2 101111111178,20,237,10 1110101812 urcei 181,2
uoluissent 85, 18. 131, 22. 283, 6 (urgentes 61,16)

uoluerit 18,

1. 22, 10. 36,20. 46,10. urinae 203, 26

48, 20. 91, 12. 116, 1. 121,24. 171, uro 11111111 69,9 urendo 180, 10

12. 178, 24. 280, 10 uoluerimus usque 130,18.234,18

mamm
Volsiniensem *46, 16
1101111111111 27,16

11111 subet. 181,6
ustilatae 21, 22 ustilatis 76, 23.

mm

uolueris 229, *4. *16 uolucres 18,5 usus 11, 24. 119, 3. 144,18. 148, 28.

 

