...¹4⁴8-

medieinae oen. 3, 14. 6, 20. 21, 11 Melas 3812. 188,8
medicinis 13, 25 melinum 176,19
medico medicantur 21,17 melior u. bonus
1801118808,11,9,16 18011101 0,15 Melite *859 Meliten 85,8
1101111312 medicis 0,12 . (180110 pro Meto 23221)
mediocre 168,3 medioeres 155, 8. Melo 176, 20
186, 5. 10, 21 - mediocriter 16, 6. membratur-5 201, 26 ·
135,1 membre 271,5 membra 12, 10. 65,
mediocritatis 11, 11 20. 28. 00, 10.88,10.81,1, 181, 13.
111011118ῒὶ0 2, 21 meditationibus 135, 17. 142, 6. 184,13. 193, 23
102, 25 membrorum 11, 14. 18. 12,10, 15,
mediterranea ²⁸39, 5 (in mediterra- 25. 65, 4. 8. 66, 12. 194,1 membra
8002) 24,23.68,21.284,24 membris
medius 1111821132 media 48, 13. 1, 28. (11, 18.> 12, 11. 23. 011, 18.
81, 14. 19 82, 24. 94, 8. 138, 6 219, 68, 18. 89, 8.23.86,19. 103,22. 123,
11. 228, 8. 229. 2 8101111118 65, 26. 21. 134, 32. 13 8, 3. 168, 15. 210, 12.
71, 25. 82, 8 011101013181128.20318
271,. 2 8101111788 18011180*2661110111018οῙ010.104,11.21,2.4,22.
1811016 1806118163121787,103,-2215158119 18011101181113,
23.134,18 mediam 49, 27. 05,7, 18.i;3,18.218,4 memoria 2, 2. 7,
8118. 01118. 1301. 880,*1.0. 801, 23. 8812. 111, 12. 118, 1. 281,3
6. 263,13. 270,15. 278,12 medium memoriarum 217, 20
25, 21. 26, 5. 11. 34, 30. 107, 4. 140, memoro memoratur 62, 17. 86, 21.
11. 207, 7. 259, 22. 274,13 media 158, 3. 161, 18. 177, 2. 199, 19. 231,
59, 1. 3. 61, 6. 153, 24. 233, 19. 265, 15. 272, 22. 280, 18 memorantur
2. 266,29 e. 9011. 111,18 medio 42,27.43,6.159,5
30, o. <es 14> 88, 4. 82, 8. 82, 8. menaeus *235,19
94, 3. 101, 6. 107, 3. 115, 21826. mendosum 91, 8 mendosam 90, 5.
118,·81. 180, 80. 181, 18. 152, 8. mendosae 90,21
230, 23. 23312 medii 30, 11. 95, Menesthe 70,2
23.98,16. 108, 7. 117,17, 130, 25. mene 1, 1. 138, 10. 139, 9.-184, 17.
207,15.208,12 mediae 99,18. 216,21 1808110132,11 mente
107,2.119,11.120,23.235,2.*254, 137, 11. 218, 19. 231, 18. 233,4
88 medis *1218 159, 18. 123,14 mentes 101, 28. 173, 18. 811, 80.
mediis 83, 2 medios 35, 9. 90, 29. 36, 4. 137, 14. 19. 201, 6. 217, 24 ·
81, 2. 92, 3. 186,14 medies 27,14. mensae 27l,4 mensa 270,18 men·
08, 8. 122, 16. 225, 8. 228, 8. 17. see 279, 24 menses 210,1s ,
250,14 medie. 48, 15. 86, 27. 95, mensis 9811. 225, 16 239 *2 20. 240,1
1113254 23 2724 medus 75 mensem 220, 12 mense 220, 13
7.,,923 2510 92,.45- 8111181810 menses 130,7 mensibus 220,14.
1111111170, 8. 270, 1. 98, 15. 128,6 per 16,17. 221, 23. 226, 2. 21. 238, 15
medium77, 1. 00, 21. 147, 11. 219, quot mensibus 252 6
Ι, 15. 254,11. 14. 255,4 medio 3e,6. menstrui 235,18 meirstruae 233,e
47, 7. 10. 136, 14. 138, 1 152, 4. 110111. 238, 26 menstruas 225,18.
224, 15 31801110 107 19. 136, 9 ab 226, 20 236,1 menstrua 239, 8
medio 255,10 (e) medio 13,6 20 menstruis 240, 6
in medio 48, 11. 51, 18. 72, 20 82, mensure 66, 7. 143,6 mensurae 28
8.101,10.121,13.143,29.206,18 9. 118, 6. 177,15.193,7 mensnram
207,8. 211,15, 247,22. 24815255, 28, 6. 216, 11 mensura 216, 13
8. 256, 4. 261,7. 275,3 mensurae 124, 23 mensurarum
18011811811155,7 medullis 55,14 4, 3. 66, 17 mensuris 112, 6
Medullorum 200, 26 214, 23

meffia0⁰gssaphi²l *171,6 8108810310.-1801111118185,22,03,6 1808106510.
2

mii 18Θ2,11,12111111110 60, 20 88100162821120

Melampirs 160,1.201,4 mereor meieatns est 20,17

 

