..pg-

3·.³, 15 operis-12 19.159,15 -
opera (landa 192, 26 operam
darell7, 10 2111 19 operae=

op p ιιιιιιιιιιιιιίιιιιι 21, 10 oppugnan-
rl ιι 212 23 oppugnanda 2210

opticen 1,1

operarii peu. 211, 17 operarum ὀπιικός optieos· 9,20
·2519 operis *150,2 -·*211, 15 optimus u. bonus

operarii 251, 25
operatione 5628

opto opt ιιιιιιιι 23, 1
opulentiores 150,11

operculum 103,*8. 12 operculo opus 5,16.9,15..·22,23.11,15.93,

193 113 operculis 181,13

operimentum 211, 11

operio operiatur 187,4 opertum
187, 8. 200, 13 operto 181,13

operosam 101, 23

ophiuchos 229, 8 ophirulri 229, 9

opinio 50 8 opinionem 60,·. 2 opi-
nione511710pinionesl4ssi

opinor opinans 134, 8 opinantes
51,2l

oportet 3, 10. ιι. 4, 5. 5, 13. 0, 20. 55,
610, 15. 11,3.11,1.93,22.95,19.
99, 8. 105, 9. 1825109, 12. 118,
ιι. ιιι, 10. 148, 3. 13. ιιι, ι -
c. 00111'. 6,2. 1,3. 9 - opor-
teat18, 20. 39, 26. 38, 1. 52, 12. 61,
11. 19. 29. 79, 11. 83, 20. 99, 6. 101,
25.121,2.138,·21.116,11.118,15.
154, 1.7. 158, 23. 160, 26. 188,

185, 21. 205,17 25312 oportuerit

9,11.81,10.213,15 oportere 8, 0.
14, 25. 31, 28. 52, 0. 90, 21. 01, 8.
101, 1. 106, 7. 122, 11. 13. 126, 25.
131, 21. 132, 15. 133, 13. 131, 16.
25. 139, 24. 146, 29. 157, 10165, 1.

ιιι, 2. 185,11. 213, ιιι. ιιι, ιι.

213, 25. 211, 2 oportuisse 36, 21.
62,18.64,12

oppidani 60,5

opgggobquamhffllo. 190, 7. 19.1,1

oppidum 20 9. 23, 19. 195, 13. 203,1
oppidi 203, 7. 12 oppiinm 16, 4.
20, ιι. ιι, ιι. 131,11 oppido 4,
14. 20, ιι. 30, 5 oppius 18, 24.
21,15 oppidis 110,22

opportunitatis 15,10 14 opportu-
nitatem 30, 2. 183, 7 opportuni-
tate 1,11. 128, 22. 1349 oppor-
tunitates 20, 21. 44,2 - 244, 12.
245, ιι

oppressionem 25311

opprimit 121,11 oppressi sunt 2849

oppugnationes 212, 22

oppugnatorias 28015 oppugnato-
riis ιιι, ιι

oppugno oppugnaret 273,15 oppu-

, gnetur22,2 oppugnaretur 283,27

11. 125 25. 151,11’.160,23.2165,
23.161,11.209,1.212,9 operis
3,·20.9,11.11,11.11.19.21.12,1.
11. 11. 21. 13, 20. 15, 21. 21,1, 12,
·.³·.³. 74. 3. 75, 12. 76, 12. 82, 15. 90,
6. 91,199521.100,1.101,11.118,
21 122, 20. ιιι, 1. ιιι, 30. 153, 11.
150, ιι. ιιι, 11. 214, 21 operi 101,
26 161, 15 opus 11,11. 6019111,
16. 1611,18. 167, 6. 111, 1. 215, 11.
11. 212, 1. 213, 1. 250, 18 opere
4, 10. 9, 9. 388. 11,-21651. 9028.
91, 23. 95, 11. 108, 8. 119, 5. 126,1.
128,18. 143,17. 1454. 11921. 165,
20. 163, 6. 19. 171, 7. 115,11. 180,
ιι. 210. 2. ιιι, ιι. ιιι, ιι. 14 283,
26 opera 2, 14. 13. 13, 8. 39, 1. 16,
1. 11, 26. 57,18. 5818. 61,10.81,
1. 151, 1. 213, 16 operum 10, 2. 12,
-18 22. 15,7.66, 12. 15. 0821 (231.
13, 6. 1511. 81, 1. 90,13. 101, 21.
102, 3. 27. 103, 22. 131,9. 145, 29.
118, 26. 151, 12. 116,13. 216, 3. 23
operibus 5, 11. 99, 6. 152, 24. 166,
13. 175, ι. 20 opera ιι, ι. 50, ιι.
63, 15. 18. 169,1 operibus 4, 6.
7, 8. 14, 12. 43, 19. 50, 1. 53, 2556,
ι. ιι. ιι. ιι, 1. ιι. ιι, 10. 04, 27.
66,14.18. 84,16. 88, 25. 80,2 bis.
6.1021.90,2.93,10.122,22,121,
1313926. 161,1. 162, 5. 105,14.
170, 22. 23. 176, 6. 180, 3. 181, 7.
211, 8. 10. 1244, 15.) 211, 20. 281,
11 - opus est 2, 22. 11, 8. 52, 20.
111, 15129.) 116,1. 243,11. 251,10
opus essent 51, 5. 131, 21 opus .
erit 53, 3. 271, 22 opus fuerit 10,
8.130,10.116,20.111,11.16515.
213,15.19.211,11.256,20.216,8.
211,]0.280,13

oram *153 οιιι 61,7
orbiculus 21018 orbiculi 240, 21.

241, 3. 10 orbiculum 21610. 11.
12. 247,10. 12 orbiculo 240, 20
orbiculi 246, 9. 26 orbiculorum
ιιι, ιι. ιιι, ιι. ιιι, 14 orbiculos
213, ι. ιιι, ιι. ιιι, ι. 1. e. 240,1.
3. ιιι, ι. 0. 1125211515.

 

