-811-

11001010263,18 modioli 256,21. molestus molesta 26, 20. 124, 21
0000000000 00οΗ00
2727 modiolorum 5261, 12. 262, 1101111010152,16 .
1820 modiolos 262, 21 modiolis 1110111011. Tmoliton 197,12)
257, 8. 260, 5. 262, 13 mollescit 16, 25 mollescet 200, 11
(1100101111261,12) mollescentes 16, 23
111555 433- non modo 11,817, 1101110 mollitis 50, 23 (molliuntur
0000000οῌΜο, 6Μ6
3,153,1 150,13151,14,153,15,1101111130,21,75,9.173,13.239,13
1115, 13 193, 11 111, 1 111, 11 110110 16, 26. 41,7 1110111 46, 26.
213'„ ⁴> 141, 15 115, ’13 143,10 *20, 12. 17,20. 18, 22 molles 44
dum 1115115 51,11 20. 512, 16 11101115 44, 26 11011101

’11011115110111 16 modulat tronis 111, 268, 444· 44 1¹2- molliter 253, 2ss
rmnwmmmmmmz'Wfflmfflwfflss

modulationum 111,11.113,10 555445554449555014
modulationibus 1133 moluntur *175, 22 molere 176,1

11001101110111151111110.112,13 15041555 475 49·

11011151111119,16110111151111316 4519455555 553 55· 554 3
μονάδες (monades) 66, 26

monebit 157,1 monebunt 264,19

16, 17, 18, 92 1.2.15.18. 93 ,122 monitum 214, 21 moniti 158, 22
33333313’31 modula& 822 1101011005 159,9 monopteroe

100, 19
111110513117124313 435115) ,121021123112121 monotriglyphon 93'11

83, 25 91, 20 111‚18.1·22,27 29 ·mons 43, 23 montis 61, 4..6 1919
0,1,0,0.οΗ0000, 55ΜΗΗΗ5605

²· 55 ”¹55⁸ 521³· ¹⁰⁰4 11, 19111. 81 1191, 11811

modulus 72,8.91,18.93,14.122,25
moduli 72, 8. 10. 12. 91, 18. 21. 22.

540899 9491955997 170155· 171,23 1211011111127,17.186,10.188,1.

eiusdem 15011143,3.178,17 ruo· 3¹4 montes50,15.188,19.189,3.

1111111131,6.1411,18.212,22.2113,111 190 20'131 3 montibns34 7, 43
ud eundem modum 69, 13. 75, 19. 13, '23 (52, 5.,)108 23 11325185:

05555555541Ὴο000οΜΗο5
mmmfflwmmwmmmffiffimfflffiffl
44 193 44· 495 ¹3· 559 47· ¹9· monstro monstrat 54,9 monstrare

333131313111133 ,111131111131131·3·1

21. 233,14. 247, 1725211817 eodeni montanorum 186,15

modo 434 15 5459· 555 15· 555 1101111101111999. 12 monumentum
1. 2 111111111187311111 1110110 245, 211 86, Ἠ, 87, 3 monumentls 45, 23
modis 110, 24. 112, 7. 279, 15 41, 5

moenia 16, 7 19, 48 304 moenium mora 243, 7 1110150 18016. 221,3
15, 7 18, 21. 20, 24. 30, 8 51124. 1115111111 73, 4 mora, 250¹ 18

01101010516100115014.111021115552111,13 11015110111111

19,21,1.*22,19.30,19.32,1,33,11110

15Η5ΜΗ5ΜΜ50000000οΜΗο

55ΜΜ5556οΜοΜΜ5000

moenibus 15, 27. 17, 8 23,13.25, 111515151114

49· 30 47· 35 44· 58 *54· ⁰ ·5‘·' 55· 11011111 2038 1101111111199,4

74 54 55· 459 54· 146, 47- 597 55 110101 morantur 220 21. 222, 6 mo-
molae 5245, 25. *255, 20 molarum ratus est 20, 15. 215, 24 11015110

*257, 18 molis 257,19 011122028110151111024116110-
11010542,11.60,2 -moles 196,4 1515108,11.221,13

molibus 4411 11001582 5101101151,5.160,16
molestiam 107, 23. 140, 21 molestia mortalium 184, 20

105, 25 110115111164,19 mortario 12510.

 

