..13-

51 e, e. *1,51.*5,15.51,5515,5. os, auctus pl. 1545

15. 51, 5. 139, o. *115 151751. audaciae 155, 91 audacia 133, 1.

178, 93. *151, 1. *5454 5451
5151 179,18 atrum 181,5 audax audaces 980,8
Athenae Athenis 95, 3. 35, 19. 49, 5. audemus 158, 16 5555115151, 6 55151

70, 11. 101, 91. 122, 9. 158, 90. 1⁹59, est 174, 99

5.100,13.161,13.176,10.194,17. audierit 9,14 audientium 116, 5

218, 21. 238, 11 , 55615511151168, 10- 5511115109,
Atheniensis 68, 20 Atheniensem 281, 91. 121,16

631355155151 84,24.183,16-556111551151272,17

13215 Α111511155115111182,17.22 auditor 183,15

Atheniensibus 176, 17. 87,9 Auentino *178, 20
Athenodorus *232, 16 Ι 55511551116,12 auertisset 3,1 20
athletae 128,11.15. 150, 26. 212, 15 auertere 207,11 (auertendum 93,

athletarum 156, 15, 217, 15 a hle 18) auersus 195,1 555115 16, 20

tis 919,5 athletas 128, 20 1,45 1 555111187,25 5551155 229,
Athon 31, 24 ’ 19 555111128, 16
Atlantiaci 151,12 aufert 189,17 551515112619 511-
Atlas 151, 7 Atlantis 191, 9 Atlante ferens 123,18·

*191111 auget 998, 91. 997, 1. 95 auxerunt
1117551115 *151, 7 5,11 augentur 61,14 augeretur
atomos pl 37, 18 163,6 augere13,8 auctum esse ·
atque u. 55 64,18 augendo 17,23.132,1 au-
atramentum 180, 19 atramenti 180, gendam 110,15.156,14 augenda

13. 21. 23 atramento 171, 9. 180, 3 245, 10 555151215, 10 555151,12.
51111 140, 9. 141, 10. *91. 93. 142, 6,17 5551511136,16.115,5 55515

1719 51115 141, 7 atria 149, 1. 19, 23. 161, 14 5115155 64,8 5115151

145, 17. 96. 146, 8. 10 5111511115 14,4. 182, 26 ,

140,2851111514210.172,2. 149,1 Augusti 107,3
Attalus Attah 8511- reges Atta auis 229,5 5111551 18, 2. 4. 199, 24

1151 156,7 1.111151151149,9 aulae 119,11 55151 150,19
attemperata est 259, 27 auocans 188,11
attendo 32, 6 attendat *18 2 511511- aurae 15 3 9717 aurarum 17, 21

damus 945,10 attenderem1,9 28, 1,168, 19 55151 28, 4 511111 ⁴

attenderit 11,0 99. 116, 5 51155- 28,3

dere 280, 10 5115565111 2,14 91, Aurelio 2 3

13. 217, 9 aureus auream 915,11.916,19. 17
Α11155 100, 21 (auricula ci. aaz. 229 ,1)
atticurges 77,11.19.96,18 98, 24 auriga sidus 228,11. 12 aurigae 998
Atticus Attica 176, 9 Α1115160,20. 13 (aurigam 998 ,17)

182, 24 atticum 18219 erio-nov (5511511) *284

· attmg1t194, 10. 229,4. 931,13 attin· auripigmentum 175, 23
35111229, 1 attingere 99 7 961,9 auris aures 9,16 aurium 260, 18
5115115111 930, 6 auribus 108, 12 111, 6. 121, 4 55151
attribuerent 95, 7 attribuantur 99, 6, 7. 18. 109, 8. 110, 7 19191, 18
16 atnbutaee 997,19 attribu· aurum 178,1.7.184,18.194,.5 215,

155 sunt 227, 5 , 13 auri 177, 90. 178, 5. 916,15
auaritia 5, 15. 15, 21 auro 915, 16. 916, 4.19.938,1
auctorem 68,12.116,19 auctores auster 93, 91. moi austri 26, 19.

204,7 555155551158, 16 218, 13 99,10 5511151524, 26. 25, 11. 19.
5551511155 62, 25. 103,5 5115151115- 27,9.29,18. 19 -

15512, 26. 72, 1. 99. 73,1.81,11. 5511111151 930,10 austrini 231,16

107, 99. 111, ’18. 154, 17. 161, 15. 5513, 11. 5, 27. 7, 1. 9, 14 (10 3) 12

162, 4 175,5 555151115153,3. 11, 26.1,3 18. 14, ,14, 19. 20 23 *bes

9.19,95.173, 19 55515515155218 16,8.17,23.18,18.19,17. 2525,

19.,114.63,9.103,4 9699119336951930934

 

