„70-

39941996. 13,*11.27, 45, 313. 199119·199932,8 19911911139,7 19911-
18.17,3.18,8.11.18. 57, 3. 58, 9. cium *188 iudicio 8, 18. 1388

10. 18. 999, 99 99, 88. 81, 99. 9999.
18. 99. 85. 88, 5. 78, 18. 88.71,8.8.
80. 999. 7:3,1811 94, 99. 11. 88.

iudicia 1188 iudiciorum 86,12.
188,8 19911919 139, 22 iudiciis
Qstffiffifflfflfflssfflfl

88. 75,18. 76, 9999. 77, 4. 80,11, iudico 38, 14 1901999999 18, 19. 222,

13.15.17. 81, 8. (85,81.)88,1.88,
99.99,99.99,99.99,94999499.
94. 99, 81. 99, 18. 99, 18. 88, 18.
100,11.101,18.18.188,8.88. 999,
581. 999, 4. 999, 18. 81.188,18.
181,7.18. 185, 5. 131‚15.88. 999,

ι 8. 187, 18. 110, 99.*949, 18. 111,
18. 115, 81. 118, 85. 88. 117, 8. 88.

15 199119991133,20 19911991133,18
indicaui 183, 25. 101, 18. 151,18.
*260, 19 190199919951, 17. 158, 14
iudicetur 185,9 199119999919989,
19 iudicatae 9991 171, 21 iudi-
7810 18, 8. 81, 8. 35,81. 15, 83. 58,
13. 63,4 iudicari 173, 81. 213, 8.
223, 12 iudicatos 9999,171,10

99994. 151,8. 1. 158,1-1. 153,81.
158, 8. 157, 87. 158,1. 8. 188, 9.

iudicans 31, 11 19911999199 133,3.
99. 999, 9

161, 8. 162, 26. 161,1.106,15.168, iugum 61,6 iugi 255, 7 iuga 5810.
9. 999, 999. 999, 18. 999, 9. 171, 118, 88. 815, 99. 999, 4. 99. 99, 8.
11. 178, 11. 80. 85. 188, 88. 188, 99. 949, 88 iugis 855, 8. 878, 99

99. 188,1.81. 181, 18. 81. *185, 13. iugumentantes 81, 1831
87.188,1.7.187,8.17.*188,81. Iulius (11991919999 f.) 203, 11 -
180, 94. 181,8.185,8. 17. 188, 8. diui Iulii 78,18 basilica Iulia

22.199,5.13.21.200,1.11.16. 106,1 coloniae Iuliae Fanestri .

888, 3. 99. 999, 9. 9 99. *999, 9. 999, 18

888, 8. 99. 999, 81. 813, 88. 811, iumento 855,8 iumenta. 117, 99.

9. 999, 9. 8181. 999, 99. 999, 99. 9994 iumentis 58, 9. 949, 99

226,18. 228,8.18.22.230,1. 7. iuncturae 8818 iuncturis 17,8. 16. ·

999,9,9999,99.9999,*9.4.99.999, 99994

7. 818, 11. 858, 7. 853, 7. 858, 18. iuncus 188, 17. *885, 99 (iuncum

857, 15. 8581 18. 881, 9. 999, 9. 9999 iuncis *187,88 ,

266, 17. 267, 12 (019). 271, 5. 278, iungitur 831,5 199919 262,9 iunctis

*3. 10.270,11. 16. 13. 281, 81. 283, 165, 4. ‘881, 14

26 - itemque 25, 26. 30,13. 33, iuniperus 5818 iunipero 188,11

81880. 499. 188,8.158,17.*188, lunonis 81,81. 158,1 lunoni 99, 9.

18. 188, 11. 885, 9. 999, 9. 88811. 887

883, *8 *99. *9999 luppiter Iouis 18, 9. 99, 99. 18. 187,
iter 187,18. 185, 7. 881,8 itineris ·· 5.188,1 - 994119 8887. 881,18.

188, 5. 881, 99. 999, 999994 iter 883, 94. 994, 94 - Ioui 18‚87.88,

881, 4. 15. 888, 4 itinere 188, 8 7.188,88.180,15

itinera 21, 12. 22, 6. 81, 21. 150, 18 iurisconsultorum 3, 15 ·

ace. 3818. 117, 88. 118,1. 949, 9. ins 81,80 iure 115, 999499 iura

223, 25 itinerum 118, 8 itineribus 7, 3. 213, 3

999, 99. 999, 8. 118, 83. 880, 18. iusta 49, 10. 181, 11 iustum 99, 9.

881, 1. 888, 8. 881,1 881,1 iustam 78,11.111‚18.188,
iberum 28, 22. 120, 23. 167, 81. 188, 18. 881, 1. 858, 22 iusta 70,18. 78,

20.221,11.232, 16 11.*215,2 1991991525 19919
itus 9199911199 262,7 *87, 12 iustis 815, 22 -— 19919
19999999 9, 99 , , “
iubeo 199911 31, 81. 32, 18. 51, 11. 12. iuxta 10, 23. 231,1

99, 99. 80,1. 999, 9. 94. 999, 99

iusserunt 52,5 labidis 138,8
iucunditatem 8,17.815, 18 19999- labitur 178,7 labuntur 10,21 191999-

99999999 999, 9. 99 tur *994 99 labi 17, 99 (labendo
iucundus iucundam 808,5 178, 7) labentes (180, 7.) 277,16
19911999 156,17. 173,11.157,1 19911- labentibus *999,14

cibus 15881 laborem 15,1.53,17.178,8 labore

 

