·- 108 ·

1.,1-906 111111.229,13-’111111·1111111111 196. 91 1111003ω33,16.88,
55.11. 216,6 *1118111185 (8,1 22 quadam 999, 8 954, 94 qno-
221171-11110112111111110 111111121312 qimedmii 268, 21

32111*1111112,21.14,12.70,211. quibusdum 19,11- 175, 16
94,8117, 5. 1311, 29. 196, 11. 199, quidem 25, 2. 53. 26. 108,.9 110,17.
19. 901, 1. 271 15. 275. 21 980. 93 *19319 22311 ne- quidem
111021317111951822202 111133 27 28120 nec— qui·
11. 979, 21- *1111 1934 *quae 116111(11,1).151,5

121, 22. 27, 4. liu* ..1 192,17.10, quilibet 910,3 qualibet 201, 19
22 .217, 19. 266,11 3.<135,'.,’71171 quinl. 19. 18, 19. 121,1. 139, 21
2.1512).(12,22)-111110111111273,2136

13. (66, 19> *111,1111111115 15102, quinariae 208, 5
11.161..3’236,11.252,10*1111115 quindecimum 80,10

87 18. 167,. ³ .‘938, 13 (1111511219 (111111011111111111.(111111111146,28

22.(142, 16)- 1111011253911111111 quingenti 97, 6

151,51111111ο 230,1“ quibus 149, 13 quini quinae 63, 22 qninmn106,18.

1ίῇ11111 5111110919ιί uestrum 171, 26615 quinum denum 9083 qui·

-quem 31, ’2. 36, 28 quam nos'denos 74,9

1837 qna 233. 37, 32. 183,9. quinquagenaria 908, 9 quinqua·
2114,26.215,18.259,121111086,9611111111206,2

16. 116, 17, 185, 27 (11116123 quinquagenum 913 98 914,1

11 6, 6 quae 5212631021.1111111911611174,5

15312 213, 22 quos 9398 quau 1611119163ῥῖ111511111-
33, 6. 23. 37, 29. 61, 17. 96. 83, 23. 208, 8

1531417. 183, 1. 165, 12. 211, 23. quinque 39, 9. 67, 915. 70,12. 74,11.
278, 23 quibus 236, 11. 260, 9. 13. 99, 7. 97, 9. 98, 3. 113, 11. 117,
31, 2. 33, 2. 36, 18. 25. 37, 1. 614, 11. 18. 122, 28. 110, 6. 141, 2. 16.
15. 51, 6. 7. 62, 1. 61, 17. 97. 83, 19. 112,1.16.3,11.164,19.187,1.211,
6319. 116, 25. 96. 128, 93. 134, 13 13. 214,19. 215, 9. 933, 13. 215, 2.
611. 140, 3. 114, 12. 115, 7, 116, 14. 261, 17
151,5-15317.162,1’2.169,26,111111110511111111113324

163, 3. 10. 185,19. 210, 30. 212, 1. quintarium 67,8 .15

21316221, 18959169139664 quintum 113, 13 quintam 191, 6.
2,7516277,19.64,231533209,113,22.116,22.271,1 quintiim
5. 258, 16 *223, 3 (1115110221, 14. 134, 3.

quiindef. siqui 18, 1. 39, 8. 36, 222, 94 quinta 95, 23. 116, 1418.
20. 41,11 16,.9 17,10.18,20.91,122,16-271,5 911131 quintis
12113114 171, 19 178, 23. 179, 115, 15 25

11. 237, 2. 963,ss 980,10 nequi Quirinii 70, 1. 179, 13

52,-1 162, 21 s1qua999119, 1111113131591631221736111111
4.169,16. 176,9. *974, 17 qumi 36, 26. 51,3. 139,6. 151, 99. 133,
910 3 quam 99, 7 quod 199, 16 16.155,13.156,7.212,161111111165
siqi1i64,—9 21,10.192,16111155 37, 13. 43, 15. 52, 11. 53, 1. 60, 24.
13 3,.3 70, 19. 74, 99. 95, 1. 166, 16. 61, 18 133, 11. 151, 6 919, 11. 999,
18810 111111113215342131 11. 24

quibus 183,8 quis indes. 7, 14 quid 19, 7.
(1111113027. 61, 99. 149, 1 *156,3. 11, 9. 118, 5. 173, 17. 161, 22 9,5
*156, 18, 240, 90 quisnam quidnam 131, 23
quicumque quaecumque (9, 6) 110, quisquam 8,17

11. 993,18 cuiuscumque 9, 91 quinque 989,19 cuiusque praeced.
quemuuinque 101, 10 quamcum· sui 99, 6. 109, 21. 239, 2.*20. 15,
que 188, 90 quocumque 39, 20 23.62,12.198,15 cuique 76, 9
quae< umque 144, 90. 168, 7 quus· quaque 15, 20 quoquel, 15. 55,13
eumque 980,19 quibuscumque quo 51, 17. 191, 26 148,15.178,17.
148, 90-—168 15. 233, 16 905, 12 211, 91 loci 1996. 206,
quidain951,6. 973, 1 260, 20 quen 12. *227,.. ‘³ 231, 15 *20. 23315.

 

