..68-

111113 ade. 55, 17. *128 19. (171, 14.) uentu 88, 8. 187, 20 inuentus 10,

111, 3. 113, 13. 355, 13. 13311.

13 inuenta 13111. 13311

284,8 intrauere. 11111813. 11111111312,0.80,20 inuentionis
33, 1. 51, 13. 31, 13. 133, 11. 131, 5. *13131133 1111111111113313.

mnmnmnmn
333,11.15.334,4

intrinsecus 47, 7. 11. 1883

intro 115,13. 145,10

introeuntibus 143,3 intro eundi
115, 13

introitus 1435

introrsus 33, 35. 87, 13. 94, 20. 107, 7.
111,13.113,1.111,11.113,13.11.
153,11.131,11.131,3.113,1
(intuentur 277,17)

intus 111, 11

1113111111 *130, 13

80, 10 1111111311 12, 4. 214, 20.
273, 0 111111113111 33, 10. 88, 0.
13313. 33, 11. 33, 31. 333, 13 in-
uentionibns 24, 1. 34, 12. 35, 23.
115,(3)11.113,13.111,1

1111111111311031.210,11 inuenta215,8
inuenustns 70, 0 1111111113 88, 27.

90, 20 111111111111 18819 inne·
1111311 39,13. 74, 2 inuenusto
17822 111111113 203, 20

11111111111 10811
inuerti 207,3 1111111111 187, 4. 238,

11331113113 1111151111, 13

inuehuntur 100, 20. 149, 8. 204, 20 inuictus 212,18 inflict-23 1,2 in-

inuehantur 212,10 inuectus sum

uictas 138,8

00, 20 inuecta est 01,Ιο inuehi inuidioso 100,9

1133

inuidis 1082

inueniunt 48, 35. 181, 10 11111111- inuisitato 313, 21
11311182 inueniret 100,19 11- 1111113311100,13 inuitatis 11031,

ueniet 2087 inueni 204, 7 11111-

115, 11

11172,17.210,10.13.10.237,0 11133311 = non noe. 145,13
inuenerunt 1813. 0812. 21823. inuoluit 251, 14 inuoluitur 230, 4

2381 inuenisset 32, 0. 214, 20
inuenissent 80, 23 inuenitur 12,
1311331111.1111111131.
203, 20. 213, 10 inueniuntur 4, 0.
13, 11. 43, 3. 43511. 11, 13. 151,
8. 186, 3. 187, 25. 190, 12. 1341.
133, 13.131,1.133, 15 inueniatur
183, 9. 209, 0 inueniuntur 20,17.

inuoluuntur 272,11 inuoluta est
13113 1113111131 sint 80,4 11-
13111111 11312780 inuoluta 1131
270,12 1111311131 erant 27811
inuoluendo 345, 33. 348, 13. 207,2.
208, 14. 200, 20 1113111111 248, 12
11131111200, 20 111311131208 21
inuolutis *351,8

102, 0. 191, 17 11111111111170,12 inuolutionem 209,1

inuenietur 00, 0. 7. 70, 21. 82, 20. 1111113131 13113

1131111115. 135,11.3o5,3 in- inutilis *11, 1. 55,3 inutile 3033
111111111177,10.180,10 11111- inutilem 203, 10 11111113 147, 28
11111100,23.219,1 1111113111 131131119820 ’

72, 24. 89, 0. 10. 20. 180, 27 111111- Ion Ioni 80,1 Ione 35, 13 - 13111

sum est 131,11. 11313. 11113

80, 0. 80, 10 13131 80, 11

11111131 1111 180, 20 11111111111 Ioniam 80, 13
335, 3151111314 inuenta sit ionica 13, 484, 1133, 15. 3313.

53,11 inuenta 1111123812 111111-
tae 1111 201, 20 inuenti essent
03, 20 inuentae essent 345, 20 11-
11113111111240,10. 280, 2 inuen-
tum erit 187, 21 inuenire 218 23.
1311111313. 13113 inuenisse
315, 1. 335, 14. 11313 inuenin·
14, 14. 21, 3. 70, 11 inuentus 1111
272,22 inuentum esse 177,2.08, 17
inuentam esse 27,3 inuenientium

103, 4 1311111 83, 20. 84, 3 ionicae
35,14 ,13111311 90, 20 ionica 123,
8. *159,2. 8 ionico 97, 21. 122,19.
153,13.131,5 ionicae 13,10. 11,
13.31,1.113,3.*111,1311 ioni-
corum 101, 27 1311331311 83,9
ionicis 13, 19. 84, 8. 13. 94, 9. 99,
0. 90, 17. 101, 8- 31103113113311111
34, 13 ionicis 33, 13. 35. 33. 31,
13. 333

17811 111111111210,18 inuen- 13111*100,2
111 184, 24 inuenta 218, 28 in· ipse 01,4.103,11.113,3.133,13
1111312187 111111131218, 17 in· ipsa 02, 22. 109, 8. 94,10.120,17.

 

