..30-

251,13 distabit 93, 19 1111111111 24,1 1111111111111111 102, 20 diuini-
170, 5. ·,226 81322, 24 253, 4 1111101111 222,15
1111111111 259, 21. 278, 5. 114, ,20 11111111111111111111,1.138,10,184,17
distantia 22 28 1111111111110,25.111111111185,7 1111111111 218, 19. 231,
149, 8 districtibus 112, 7 18. 233,1411111111 245, 6
distribui 64, 20 distribuit 87,8 dis· 11111110111254,24 diuisione 20,19.
tribuerunt 33, 20 distribuitur 94, 72, 13. 115, 21 diuisiones 2314.
14. 141,1 distribuuntur 84, 14. 90, 20, 15. 29, 24, 88,31. 02, 17. 258, 21
0 distribuantur 30, 9. 99, 20105, 1111111ο1111111331.1521218.16932
5.,148 28 (111111011111111230, 15 11111 uuum 1332 diuitiis 133,5
11111115111111203,23 distributae 11111111*2744 diurnum 227,17. 234,
1111111156, 24 distributi fucrint 20 (11111111 227, 20

166,7’11111111111111111111112614.1111111111111155,16.57,17.58,111,’ j

30, 25 distribuero 138, 16 ditri- 31,1. 20
bui 99,1 distributa csse 127, 25 diutrirnus diuturna 165, 17
distributas csse 204, 11 distributa diruis 59,13 diui 70,18- (sub
23,1 diuo 13, 1. 70, 9 11. diu)
distributio 14,11. 15, 23 90 ,(27.128. 110 1111111,7 10 darent 197, 22 dubit
107, 23 distributionis 14 22 dis· 180, 23 dedi 133,7 dedit 2020.
tribirtioncml69, 21 distributione 157,23.283,11111111111185, 2 dc-
11, 13. 70,16. 72,23 distributiones derit 270, 21 datur 49, 10. 71,16.
11, 1. 1, 11, 11. 33, 23. 33, 24. 21, 111, 10 11111. 231, 23 1111111111· 132,
10.93,3.08, 14- 1131104, 13. 148, 18 213,? detur 73,14.,‘87 19. 99,
, 26.172,10 (111111111110111111111102, 27 10. 100, 4 108, 6. 123,5. 141, 7. 13
1111111511110,6 disturbant 109, 27 143, 7 1111111199, 15, *105, 13141,
diu sub diu (diuo) *13, 1. *70, 9. *86, 3147, 18. 271, 5 (11111111 111 162, 26
25.123,14.124,2. 143,21. 164,Ιο 11111151,12.248,1011111131,21.
diu adv. 16, 20. 18, 15. 147, 23 11111-105,4 0111101814 111111113315
tius 40, 18. 43, 23. 33, 25. 157, 23. (111111 33, 23)
, 11111. 133, 3. 122, 3. 230, 10 111111 docui 34, 23. 33, 23. 232, 3
diuaricata 1111124615 diuaricata docuit 157,9 docente 158, 20
246,6 docilem 3,10 docili 34,ll
diuersas 252, 10 doctrinam 27317 doctrinarum 3, 8.
diuidit 113 diruunt 2333 11111111 1, 22. 34, 13. 132, 1. 24. 111, 3. 213,
2312. 112, 5 diuiserunt 104,12 1. 217, 7. 242, 18 doctrinis 9, 6.
,diuiditur 133, 22. 1333 1111111111- 11,1 1111. 3, 111. 9,1. 133. 132,
tur 37, 24 diuidatur 72, 4. 6. 73. 23. 139, 27. 245,10
13. 17.74,10. 13, 15. 17. 77,11. doctus 111511111111111 132,3 doctis
13. 21. 80, 14.10.87,18.91,10. · 02, 25 doct-0334,13.132,2 doctis
23. 92, 7. 93, 12. 13. 96, 23. 97,1. 9,12- 111111111111243, 12 doctis·
23. 93,1. 111, 11. 13. 103, 3. 113, 1. sime 231332, 13 ⁴
123, 4. 141, 3. 12. 16. 24. 259, 10. dodrans dodrantis 163,17.266,13
270, 1. 271, 4 (9) diuidautur 77,14. dodrante 76, 19
79, 1. 93, 14. 117, 13. 213, 27 diui· dodrantalia 274, 1
’ dontur 257, 23 diuisa est 133 doliorum 147,10 doliis (doleis)
diuisus sii 236,ss diuisa sint 234, *116, 23. *181, 12
13 1111111111111270,2(1111111111110101111111165,24 (1111111161,17
11110512.141,2.215,1 diuidcn· doloro 194, 25
1111111225 diuidendaost 73, 7.15 dominicus 175 5
78, 21. 81, 7. 15 (1111111111011111111 111111111111111111154,10.*141111111111
29, 12. 74, 20. 77, 23. 93, 1 235, 2 175, 11
, (11111111 141, 18 diuiso *254 23 di· domuirculuc 150, 7
uisi 92, 2. 263, 23 11111111207,6 1111111149, 14. 17., 50, 27 (1111111149,
1111111116, 14. 2117, 12 11111111 30,1. 9. 25. 178, 21. 203, 3. 215, 25 domo
9111411113 51, 4 1111111111 1491ss 22. 150, 5

011111111114,5.30,19 (1111111111 ctis¹ 11ο1110114,24.36,10.49,4.174,16.

 

