—103-

111011100000130,10.264,17 11101100-182,4.10.230,10 1101100204
01110 )*270, 16 progressus 120,12 140, 8 proximae333,1—-pro-
proicio proiecerunt 83,3 proiciun· 110100 333,3 111011001001223,17
1111238, 11 proiciantur 100, 14 - 0 proximo *1703
proiciendae sunt 21, 0 proiecto propellunt 363 37 010101010201, 24
*08, 3 proiecti 33, 16 proiecta propinquitas 210, 21 propinquita-
87,21.276,10.11 10111468
proiectura 63,Ιο 78,4. 70, 13. 81, propinquus propinquis 31, 10
*12. 14. 20. 07, 12. 17. *270, 12 1110 propnigeum 127, 10
1001010081, 23. 80, 28. 07, 10 pro· propono proposui 146,13.161,16
iacturam 77,.8 78, 3. 70, ’10. 80,2 proposuit 37, 22 proposuimus
1110100101081, 6. 02, 20 proiectu-1817 111·0110’00011101184,3 1110-
100 70, 17 130, 11 proiectur'as 1100110 001 220 10 1110110011010 001 Ι
63,.6 72,.4 88, 20. 80,4. 172, 11. 24418 1001100110 3,ss proposi·
27610 ’111010011111088,17.89,.0 1011134 propositi 126 propo·
00,’1 sitam 268, 23 proposita 2607
prolectando 103, 12 proportio 66, 3 proportionis 2, 23.
prolixa 60,18 11, 10. 140, 2 proportionem 86,
promereri 168,6 20. 271, 21 proportione 00, 3. 6.
prominentiam 163,16 70, 4. 2607 proportiones 8311.
prominere 00 0 prominens 263, 26 101, 2016010121, 20. 266, 6 66,
prominentes 88,14. 16·- 133,11. 21.90,160’1,13.10’1, 10 propor-
80,3.160,13.17’4,1 11100110011110 tionibus 36 3. 63, 13. 66, 10. 68, 21.
168, 38. 88, 23. 264, 24 73, 21. 83, 36. 101 ,<9>. ’14. 102, 6.
prom6rrentui366,1 · 118, 26. 138, 26. 164, 10. 161, ’17.
promuntorium (1100111010110100011- 268,7
1101112010 promuntoria173,17. propositi 168,18 propositum3, 33.
120,1 37,4.133,6 ad pr 366 22 pro· ,
pronai 04,13.17.21.101,20.107,3. 110111016814
18.174,’4 pronao 34 24 pronaum proprietas 1923 108, 14 proprie·
107,10’ pronao 70,’2,0. 10. 78 8 10110 13,13.64,13 ’proprietatem
· 0014000000, 11. roa, 1. roure 10,00.1’00,0.104110010014,
pronuntiatio 103,11 pronuntiationes 27 proprietate 30,10. 48, 2. 00,
104,14 12.100,10.107,6 proprietates
pronuiitio pronuntiant 48, 28 1110- 10, 6. 20, 10. 43, 4. 108, 0. 202, 21.
0001100136, 20 pronuiitiauerunt 8, ’21. 13, 7. 10,17. 83, 28. 87, 27,
132,14 pronuntiaretur 363, 4 138,16.19.174,13.180,2.196,1.
proriuntiandum est 140, 4 pro· 304, 6. 0. 230, 10 proprietatibus
nuntiare336,6 111000011οῃ0 10322 13, 30. 06, 2, 60, 22. 61, 2. 104, 16.
pronus proni 34,3 144,l3.173,16.181,.6 186,13.
propagat tionibus 166, 13 137,3.16.
prope 0110. 43, 24. 61, 7 propius proprius propria 232,10 proprium
33, 20 *lsai 199, 7. ’266,1 pro· 3,10 16. 130,1,18,18.108,20,
1111110 12710136,2,190,.7’261,2- 137, 18 propriam 84,16. 89, 27
c acc prope 46 6. 270, 10 1110- 111011111110220, 21 1101110103, 10
1110020314,Ιο 110110101010. pl.146,8.10 proprias 143, ’23.
11. 20, 1. 306. 69,.7 127,18.’128,160,3’168,16.*171,3.207’,12
1212029147271702619816.111011110163,14 1110111110106,1
00001401110406010001110 - 101141000- proprie io,
propiora *222 36. 223, *6. Ι*8’- 4.37, 21. 161, 2. 184, 17 ⁴
111011110066,12,67,8.011,12.106, 1110111010,21.1’0,23.13,4..7 23, 24.
37. 127,19.’,.1366’224, 13. 271,3 24, 12. 22. 28,4. 33, 28 34, 26. 36,
proximum 31, 14. 117, 6. 120, 3. 2.’8. 37, 10. 38, 6..7 31. 40, 36. 41,
1333. 147,2-- 226,1. 224,1 (pro- 1. 46,7. 60, 17. 631. 66, ’16. 23.
ximo 164, 3) proximi 136, 11. 67, 7. 68, 13. ’1.6 63,i.1.4 37. 61, 18.
173, 23 proximae 46, 3. 01, 3. 04, 4. 71’, 0. 14. 72, 24. 74, 1. 76, 1.

 

