-1ss-

811815 caementis 42, 0. 48, 12. calor 18,81.11,14.188,1 caloris
08,21, 120, 20. 130, 20 10,12. 18, 8. 88, 8. 14, 141, 8. 184,
caerimonia *161,4 10. 23. 183, 20. 224, 27 calorem
caerulco m. 181, 6. 224, 23 caerulea 41, 20. 137, 15. 144, 16. 1481. 189,
asso-saba. caerulei*180,28 22. 222,18 44141418801111.
caeruleum 182, 27 1814. 4818. 184, 80. 141,8. 180,
088881 divus 58,18.80,4 Caesaris„ 1.196,21.224,18 calor88188,7.
10,18 8841441*808,181.111141 210, 24 caloribus 11,8. 1888.
- Caesar 808. 1,1.11,1.83,18. 193, 22
· 184, 22. 138, 8. 158, 8. 218, 13 1. ean 48, 24. 41, 18. 41, 8. 108, 8. 84.
8888118 1389 168,11. 170, 25 081818 41. 8. 9. 28.
(88818188 pro Ceras 273, 8) 48, 28. 18811. 14. 18. 104. 18. 100,
calamitati 43, 22 15 (211,13 ins. Ioc.) calcem 889
calamus 17812 calami pl. 173,3 8810823,8.41,4.42,10.43,8.4818.
calathus 86, 28 calathi 80, 29 8818- 48, 25. 128, 7. 130, 20. 164, 8. *188
thum 814 calatho 88, 24 8188, 15. 188, 8. 118, 88. 111, 18.
4114811488818 11818.118,14.808,18.811,18
calceo 001. 885 2. calx calcem 254, 8. 2788 calces
88180 calcetur 13815. 211,15.17 2185
calcatum fuerit 13818 calcans Camenis fontalis ab 192,12
2288 calcantes 24810 (26819) 888818818812 888818818815.
calcantibus 288, 1322. 2887 cal· 170, 21 88111818 171, 11. 20819
8818 47,7 08188118 171,17.211, 15 camerae 128, 8. 167, 1. 18814 88-
oalculoso 38, 1 calculosos 200, 21 morarum *128 4. 100, 1. 3. 171, 7.
- calculus 26816 calculi 110111, 185, *189,17 cameras 128, 10 cameris
20. 25. 238, 10. 264, 8. 818. 285,14 100, 24. 1877 ’
calculorum 26818 calculos 168, Campaniae 81,8 Campania 44,8. 23.
’88118011311505111711 caldaria 125, 883008118110200, 1οἃῐο111101810110110
88 caldariorum 1881418814 188,18.188,18.88,8.188,8
caldariis 1288 , 888808258288818818381388111110
caldus caldae 12812 caldam 127, 23 199, 23 campi 191, 18 camponim
caleo calet 1811 ’ 1880 8811100832, 18. 188, 14. 191,
081888111810 calescat 123, 20 ca· 7 campis 188,18.188,10
lescant 24, 4 canaliculi 287, 1 canaliculum 264, 8.
081188188111112814 calfacere 147, 2681827 881811881192, 10 88118-
8 calfaciundo 179,8 liculos 1684
calidus (u. caldus) 137,18. 189, 18 canalis 170, 8. 207,18. 98817018.
44111848,10.188,1.188,184411- 808, 1. 881, 18 canalem 8848. ’
dae 44, 2. 188, 1. a 108,14 calida 808, 8. 18. 881, 18. 14. 880, 18. 881,
4818 calidi 8811. 48, 8. 188, 10 3218811481811081.18,12.111,
calidae 194, 8 calidas 17, 4. 134, 18. 27818 88118188 170, 13. 223,
25 calidis 147,8.17,8-08111110- 21. 281,18 canalibus 261, 18 ca-
simus 1281 calidissimo 146, 21 nales 206, 24. 288, 21. 262, 1. 26.
calidissima 147, 28 calidissimas 282,18 8888111008 140, 23. 185, 8.
, 88, 84 calidissimis* 108, 84 - 208,25.208, 14. 202,1.11 ·
calido 811081. 189 canori 227, 6. 230, 22. 240, 24. 241,
calix calices 137,1 18. 18 8811810*227.,5 cancrum
Callaeschros *160, 14 227, 2. 230, 21 8811810 241,’17
08118 Ρ118. Callet *38, 18 candela 1784
0811188280, 21. 281,9 Calliam 281,1 candelabrum 173,12 candelabra
Callimachus 87, 1 173, 5
Callippus *232 24 candens 108, 25. 181, 8. 224, 29. 228,
(0811181118 232, 24) 7. 18, 28 candentis 283, 24 can-
8810 (χαλώ) 88188188 282, 19 881818 dentem 224, 10. 24. 27 candentes
201,12 284.12 candentibus 284,17

 

