.. 37 .-
20 613. 21. 2766 - binum digitum (Diogenes 280, 18. 26 u. seq.) .

164, 23 - digitos 68, 14. 16. 164, 11133336 *280113 18. 282, 21. 22 Dio-
24. 208, 6. 248, 23 (1131611 67,21. 333611282,18.10 Diogneto *280,
68,4. 117, 24 25. 282, 3 6
(11331633 90, 27 dignitatis 63,11 Diomedes 20, 10 .
dignitati 64, 3 (633163633618 Dionysodorus *236 20
14, 23. 93, 21. 106, 11. 108 2 (11331- (11336313206, 10 dioptris 206 ,1866)
1116111 31, 11. 31, 11. 11311. Diphilos 1313
280, 20 dignitates 171, 6 διπλάσιον (3131311333) *07, 17
dignus digna 168, 6 (11311313 33116 (113113631162,17
46, 6 (11333313136212, 14 dignum (11363133 <691>70, 2. 6 dipteri 72,
336237, 7 (1133313 8316 dignas 17 dipteron 100, 20
31, 24 (113313133134,1 ’ (1113361311331164, 1 directiones3, 24.
(1113113363138, 4. 281, 16 dilabantur 23, 16. 2624 ³²63, 3 167, *18 *26
186, 9 dilapsa 80, 20 directionibus 2616
dilatat 613313 *236 8 · (111336313*167,22
(111363 (1113636 2403 241, 0. 16 (1113-(131333611618(1111336240101313.
tant 3610 dilatentur 218, 18 (11113336 117,16 (11113331 31· ,461
(1111333316, 21. 121, 19 24612 diii- ,dirigatur *166 26. 168, 3. 170, 2.
333633 280, 0. (1111333613131 1220 *12 26 diriguirtm· 29, 23. 117, 17.
—2 diiigenter 3, 14. 103,17. 102, 120, 2223 dirigetur 77,2 diri·
20. 164,6. 168, 10. 10 diligent 1113 33363123,16.208,16 (1111312618
18,1.21).26,1.110,22121, 2.,206 134, 23 (1113363667 (1113363111 6,
19. 242 22 (111136361331316 66, 2. 10 directa 63, 24 (1113363 6*136,9
134, 7 directi 133,13.15.166,4.18'i,‘38
(1111331613 41, 4. 163, 1 diligentiis directa 21,12 (11133663 *26, 20.
133, 1111 ’133,3. 13111. 11313 133, 13 directis 1131313113
dilucide *266 3 (1111311136 196, 4 ·
(111333631 17, 10 (1111163116, 20
(113136136313333. *80,12. 821 (11313- discedunt 181,6 (6133036463 (111-
6133631 *122, 24 dimetienda 336 cedet *241,7 discessit 3216.
73,11 dimensi 3336 313333. 86, 21 282,18 discesserint 47,21 (113-
dimidiatus ²³33, 16 dimidiatum 73, 3 cedatur 176,13 discessum fuerit
· dimidiati 33,1 dimidiatae 70,17. 166,13 discedere 110,3 (11333-
1313 immiscuerint ' 11661131 nicomediensem ·
dimidium 38, 20. 141, 23. 143, 6. 267, ,(113331333631 062
19. 27619. 207,7 dimidio 7616 (1133131133 3,11. 7,16.26.37,20 (11331-
dimidius dimidia 78, 26. 70, 2. 97, 2. 311333 2, 16. 83, 10. 133, 26 (11331-
133, 1. 101, 11. 133, o. 113, 3. 13. 3116633,(331311113131,13
27614. 271, 20 dimidiae 72,12. (11131311333,11.132,26 disciplinae -
77,10. *80,11. 9220. 94,16.129,28 132, 10 (11331311331331 7, 19. 8, 3.
dimidii *266 16 dimidiam 73,·13. - 19, 14. 11, 1. 3614. 62, 23. 73, 7.
13.18. 7118611.761322733613, , 13226 disciplinas 7, 24. 19, 11.
31, 13. 31, 11. 103, 3. 113, 23. 11. 13. 333 3333116161 1 17 3311.
123, 4. 141, 16. *226, 11. dimidium 64, 7. 17. 163, 9 226, 29. *233, 1
<113, 6.>226, 26 dimidiis 67,12. 11333 (1311331336 18119 disceridum
77,8,7821..,.,,2679119166.92, 21217
16. 93,1. 9610613 99, 24. 26 disconuenicntes 00, 21
1002610627108,4.118. 1619 (1133133336131ε-,21126(11331333361331
122, 28. 123, 6. 141,11.143,8.114,104,1 ⁴
,63 224, 24. 22610. 2433 dimidiae discrepabit137,' 3 (increpantes 66 22
928 discrimen 1161316111. 24616
(11311116 6167, 16 dimitte tur 100, 14 (1133113131631171,6(1133331133 ¹
3,(13131663 613. 18, 3. 83, 28 discriminibus
1311661 (dimoc-on) 333 3313. 33, s. 131, 11. 111, 13. 111,
,3166611166 31, 7. 11. 11. 31, a 15. 11 11. 1313

 

