„75-

18. *227, 2 longissimis 139, 25 -
longe 18, 5. 191, 19. 135, 5. 147, 2.
222, 29. 229, 5. 229, 20. 2402 lon-
gius 22, 2. 59, 22. 199,1. 222, 9.
229, 2. 225,11. 222, 4. 2121. 251,

1211221522, 0. 2202 loricae 1519
loricalioncm 151, 17

lux 111,3 lucem 12010220123.
215,9 .

Lydia *197, 12 - Lydium 38, 27

Lyncesto 200,1

1220222102 ·

Lysippus 63,13

lyci915,251y11119,11 (2051201529)

102001255,9.11 1020 255,6 lora M.=lllarco 2,3 Marcum 20,13

2242222122 loris 255,1
lotionibus 178,10
Lucania *1999

Macedo 91, 23

Macedonia 51, 8. 157, 17. 179, 22. ’

2202

1002012209 lucens 220, 23 lucenti macerationis 105, 22 maceratione

19,2 lucentia 219, 22. *220, 22
lucerna 187, 22. 211, 11

100121001226,18 lueida 119, 22 lu·

021106211οι1120002000200 105,16 mace-
00022 194, 25 macerata 155,19.

01012 2229 lucidissima 228, 6. 20 . 24. 27 maceratis 277,1

lucifer 220, 25
Lucium 115,19
Lucretio 218,5

maehina 213, 21. 247,17. 274, 18.
222, 22. 222, 2. 220, 22. 22. 222, 2.
282, 10 machinae 246, 14. 247, 5.

10002199,23 1001172,17 10002 811. 24018, 2199. *1013 261,

ludo ludi 31,14 ludentes 104, 8.
22422

1000210111 15016 ludorum 108,14.
150, 2. 156, 23. 243, 7. 18 ludos
199,15.121,25.155,11

1110101199,22.*97,3.21. 125, 22. 112,
17.148,17.201,23.211,2 luminis
22, 2. 5. *21. 22. 99, 12. 115, 5.

221, 28 11022101*90, 24 lumen 125,

3. 144,19. 115, 21. 117. 8. 148,13.

224, 28. 225, 2. 22 1111211110 126,

14, 144, 15. 221, 20 1011111104, 2.
11, 2. 20, 22. 244, 2. (222, 22. 222,
0.) 167, 10 luminum 7, 5. 89, 18.
148, 23. 171,8 luminibus 100, 25.
140, 20 lumina 10,15. 144, 2.
147, 4 luminibus 14, 8. 111, 24

luminosa 148,8

anphis *195 ‹

Lunae 116, 21. 12, 27 - luna 178,17.

220, 2. 2. 15. 225, 9. 225, 1. 15. 232,
9 lunae 151, 0220, 2. 224, 20. 242,

17 dul. 277,10 machinam 247,
15. 219, 2. 251, 9. 222, 21. 222, 2.
19. 299, 22. 221, 20. 222, 9. 291, 22
maehina 247, 13. 248, 20. 257,18.
25219 machinae 22,12. 15. 119,
14. 224, 1. 15. 242, 2. 222, 21. 222, ·
11. 283, 2 machinarum 213, 22.
244, 1928419 machinas 018.
122, 2. 222, 2229. 211, 11. 2999
0100111111270, 1. 165, 29. 244,6. 245,
2. 242, 21. 222, 22. 299, 22. 291,
1821

machinatio 15, 6. 244, 21 maehina·
lionis 246, 21. 273,14 maehina-

lionem 237,13.243,10 maehina· ¹

lione 238, 21. 243, 13, 273, 11.
*282, 4 machinationes 245, 21.
289, 9. 16 - 21³,19 machinaliu-
muu 215, 23. 249, 19 machinatio-
nibus 160, 2. 241,27.272,20.275, 15
machinatus osl 25, 8 machinata
pu.1s.215,2
macritatem 11,1

2.225,13 1002121225,12.21 luna maculam 2955

1o,19
lunaris 225,16 lunarem 22012
Lusitania 34, 24
lnleas 9115
1002221243
1101002 herba *182, 26 (haeum
aba· lulear epit.)
2. lulum luli 292,12.11 1010 34, 8.

15. 19. 95, 2. 2. Ι20. 22, 1. 12.) 159,

16. 18. 20
10520012 *127, 17

maeniana 105,5 maenianorum
159, 21

· Maeonia *197, 11

magis 21, 19. 115,*15. 20. 222, 5.

· 190, 22. 212, 11. 225, 22222, 2.

222, 24 maxime 2, 5. 23. 19, 21.

21, 9. 22, 15. 25,2. 30, 6. 38, 15. 43, .

22. 1515. 29. 42, 22. 42, 19. 59,19.
55, 21. *22, 22. 59, 9. 59, 9. 51, 1.
55, 11. 22, 22. 95, 22. 109, .1. 22.
220,22.222,22.224,202224220,

 

