„71-

214,7.281,5 labores 193,21 11111)- 44, 16. 45, 24. 49, 4. 8. 249, 27. 251,
ribus 2, 25. 94, 9 1. 5. 19
laboro laborant 17,5 1191111164,25 lapis 299,14 lapidis 41, 24. 42, 36. ·
laborare 18,19 laborantes 29,12 251, 11. 269, 6. 281, 7 lapidem
1115111111, 17 labro 135, 25. 246, 251, 11 lapido 36, 19. 47, 21. 169,
11 11511*111,1.111,*1.1.111, 11 11. 111, 11.*11111. 1111111111
labris 193, 7. 111, 11 lapides 43, 1111113. 11111 aec.

. 2.]1111111126,14 labri 12111 labro 158, 4. 283, 4 lapidum 27:1,2 lapi-

111, 11 labrorum 199,19 111111 49, 19. 47, 9. 1111

lac lactis 203, 25 lactc 32, 9.*182, 24 laqueum 284, 14

Lacedaemone 49,11 largiter 137,4

lacertarum 199, 24 . Larignum 59, 29. 59, 9

Lacones 4, 22 larignus larigna 99, 9

laconicum 129, 29. 180, 9 ccc. 127, larix 514
22.189,8. 11 laconici 127,23 1111111981

lacrima 18212 lacrimarum 203, 25 lateo latet 226, 21 latens 51, 2. 226,
lacrimas 177, 7 · 4. 237, 12 latontcm 41, 25 latenti

ι lacuna lacunas 154, 5. (236, 17) la· 4112- latentia *111, 13. 231, 21
cunis 186, 19. 23 latentes 63, 4. 165, 19. 191, 16

lacunar 236, 17 lacunaria 59, 1. 142, latentibus 23, 28
1111111118111111111111196, 11511216 1151111519 11511123,
11. 11111111 lacunariis *111,1. 1.*31, 11. 49, 4. 19. 199‚1 1111111
143, 24. 149, 24. 1512 39, 12. 15 laterum 38, 25 lateri·

lacunosa 25112, ou· 37, 32. 39, 9. 9. 49, 12 - u.

11111195,15.21. 196,9.199,4 lacum semilateres, semilateria
20, 29. 45, 16. 19119. 196,16 lacu lateraria subet. 278, 16 laterariis
11111111113111) lacus 1999. 279,19
1119131619-15111861131111 laterculis 125, 28. <179, 16.>

laedit 134, 28 laedunt 23,16 lae- latericia 52,16 latericii 5216 lato-
111111111*37,23.58,23 laederentur ricionun 52, 7. 53, 11 latericios
56,7 laesa essent 18, 27 laesa 53,2 115111111149,7 latericia
1111114113 1111111122,14.152, 47, 22 latericiis 36, 16. 49, 1 -
11 laodicae cucullatorum 154,11

laeuus laeua 228, 22. 229, 5 lacuum 1111111211 1111111218,71111111121,
31, 18 1111022813. 229,8.281,14 23 5191111619-1191111011

1111181,25.228,17.231,7 laeuo latitudo 66, 8. 77, 18. 81, 2. 87, 16. ·

111, 11
(lagenam ci. 1111112211)
lambendo 54, 21. 61,22. *179,7 lam-

bentes *19117
lamella 168, 26 lamellas 181,19
lamminae 279,3 lamminis ,119,13.

259, 2- (lamminas 256, 6) lamna

179, 1111. *111, 7. 111111. *111,

9.256,3 111111111111*298,5 lamnas

*111, 1 lamnis *111, 11. 111, 4.

111, 1. 11
lanae 181,16
lanatis 261,8
lancula (lingula G.) *25119
lanificis 11111
Laodicensium 19816
lapideal96,12.16 lapideumll,3 la-

1111111149, 7 lapideis 52, 23. 88, 19.
1111. 111,1. 11,11.11,1.111,11
lapidicinae 4113. 195, 5 lapidicinis

91, 11. 11. *94, 7. 94, 14. 19. *11.
11,*1.11.11.11,11.91,13. 1111.
111, 11. 199, 5. 199, 9. 111, 1. 111,
11. 19. 111, 11. 111, 1. *1. *11. 17.
91. 24. 143, 3. 147,19. 299,10.19.
267‚13·(14·l15· 17. 111111. 111,
3. 1. 9. 111, 1. 11. 19. 19. 21. 22.
11116.111111111117111.
111, 9 latitudinis 12, 11. 99, 19.
97,13. 14. 1111. 191, 1. 199, 3.
(11ο,1.>111,1.1.11.1111111.
144, 4. 111, 11. 111, 1. 270, 4. 9.
9799 latitudini 1111111111.
147,19 latitudinem 11112121.
1111111111,1111111111.111,
11.111,1111111111111111.
111, 11 1111111111113,1.*11,
1. 11,*1.*1.11,11. 9419. 99, 11.
1111. 11111. 11111. 3. 120, 19.
12111415. 141, 23. 11115. 199,

 

