‚04-

indignarentur 16127 indignandum 1311137112. 1673112814 ima 66,
64. 6 indignans 157. 22 indignan- 16. 74. 111. 17. 79, 24. *81 7. 91, 29.
11.» 61,6 indignatus 21617 97, 21. 10112 imum *139, 303166,

indiuidua 3119. 22 31311113 11311319 1111110019,

indu inditur 267, 6. 270, 12 111- 24.80.11.87.9.*99,24.274,1 1131
duntur *2469 *2129 indatur 98. ἵ. 116, 21.-201. 16 1130 87,19.
*247, 10 1 1333 131331 109,9. 246,12. 19

indoctos-t 64,13 131131636114. 133,25 1311111182. 14. 126, 21. *22312 248,

inducunt 19617 inducat 1131 13· 26. 213.8.213.5 1111331 87,16.
duxit 118, 21 13113011111171, 15. 18 215. 1. 3. 266. 26. 261, 16. 264, 11
inducuntur 111389. 252, 16. 2510 1111393, 1. 9322. 1201. 214, 4. 246,
inducatur 133, 13. 133, 15. 13. 131. 25. 311, 13 1111331311313333,
201669.166.16.16ῖ.21.168.4. 22 111101313110,’1 1111311111] 36,1
133, 23. 2¹⁸3, 111. 311, 111.) 311, 3 11111333 11113113331333133
inducantur 164, 9 inducerentur 111133 66. 10. 14. 16,18. 24314. 269,
242, 20 inducet-ur 180, 21 13113- 11 13113 66, 13. 16. 66, 6. 108,11-
113111 est 178,16 inducti sunt 3111111313 33,13.13,33.111,30.
133, 13 1111111111 erit 133, 33 11- 3113. 11. 313, 1. 313, 1. 3. 333, 23.
1133111 133111- 166, 19 inducti fue· 26218 - 13 1111331263,8.279,17
1131111319 inductus 2736 13- -1311111142,14.49,26.81,2.92,
ducto 31, 13. 3311. 133, 33. 131, 31.31,3.33,3.11.111,11.13111.
21. 1133, 2. 169, 20 inducta 169, 9. *122, 26. 143, 16. 170, 9. 20. 192,
113, 33 inducti 133, 3. 3133 in- 11. 313, 11. 21. 313, 3. 311, 3. 33.
ductis 163,13.16.168,9 1111130011- 266, 11. 271, 17. 274, 'l. 6. 278, 26
dos 178, 23 - ex imo *243 6. *264, 20 - ab

1111131111 313, 3 111313,31.11,13.31,3.131,1. 115,

(induo 1111111111 313, 3. 313, 31 3. 13311.113,13.333,13.333,33

Indus 19013 - ab imis 121,17

industria 35, 27. 63, 24 industriae infernas 60, 26 1313133133 62,1
12,6 1311331113111176,2 industria infestum 282,4 .

3,1. 331. 13. 113, 3. 331, 22. 331, inficiunt. 133, 31 (inficitur 181, 311
9. 281,6 industriis 8, 7. 166, 11. 1363133133 183,2 infecta 182,17
212, 22 “ infigo infixit 260, 7. *16

ineo 1111*331,13.331,11 iniit 131, 1111111113, 1 111111113133. 3331
3. *133, 11. 333,.33. 331, 1 1111- infinito 1331030113 1111111113,

. 11113331 inierit 222,5 inire 13.131,31.1133,3.)313,3 11111-
3331333313 tae 155,8 1111131133,1.131,13

inertiae 11313 1111111313113333. 132,21. 133,

1131113. 1333 11. 133,1.313,13.313,33.*333,11

infans 333 infinitis 31, 31. 13, 21. 133, 33

1313311113 sinu. 182, 28 pl. ep. 3037 infirmat 17, 23

1313113177, 16. 78, 2. 126, *6. 19. 129, infirmus infirma 132,ss 1361111113 64,8
19. 136, 23. 170, 6. *236, 1 inferio· . infirmis 113,17
113 113,15. 1801. 246,11.248,1. 1361111οηί3 260, 1 inflationem-193,
333, 31 inferiori 13, 2. 33, 13 in· 11. 33313 111111111131,11 11-
feriorum 224, 29. 246, 13. 248, 2 6311331633 19313
13131133*231,1 inferiore 122,16. 136313633110194,10.260,8 136311
*333, 11 inferiores (331) 102, 18. 193,1
111313. 1331. 113, *1. 11. *3133 influit 131, 2. 313, 21. 202, 33 11-
inferiorn 76, 16. 106,16 inferio· 63331161 136331126,12.240,13
1111110333.114,13.143,·33.133,3 influens 123, 18. 184, 9. *191, 1.
infelioribus 109, 13. 270, 24 11113- 238, 3 influentem 238, 20
113133 106, 6. 260,4 131311313278, infru adn. 90, 6. 239, 16 - e. 1131.
11 inferioribus 192, 20. 219, 14. 51,12.1⁹,11.106,23.*171,14.260,
274,16- 1363332437 136- 3. 261,11
1113111*211,16 1361333 188,4 - infractum 13319 infracti 139,13

 

