..76-

28. 131,1. 13313. 138,2. 131, 31.
11313. 113, 33. 11333. 1333133
3. 131, 10. 188, 3, 131, 3. 133, 11.
131, 33. 133, 1. 131,3.131,1. 13.
333, 331331. 3131333331. 333,
1. 33313. 208, 8. 31331. 313, 20.
21. 24. 280, 1. 283, 2 cum maxime
252 4

magistra 311, 33

magistratus 282, 6. 38, 25 magistra-
tui 242, 0 magistratus 104, 20.
107,8.145,25 magistratibus 2488

Magnes *63, 23 ι

Magnesiae 70,1. *159, 8. 175, 24.
3331

magnificentiam 34, 4. 107, 26 magni·
urentia 113, 33. 131, 13. 13331.
162, 1. 214, 11

magnificus magnifica 11313 magni-
ficis 13,15 - magnificenter 23,

· 3313311

magnitudo 22, 31. 79, *0. 18. 108,1.
113, 3. 1131.313,1.333,3.333,33

1132223213-111313178,2.231,6.
31, 13. 21. 188, 28. 220, 18. 333, 13.
maius 333, 11. 248, 13. 331, 13 (1).
331, 33 maioris 280, 2. 210, 18.
22. 241, 1. (6) maiori 83, 21 maio-
rem 31, 11. 13. 333, 13. 33, 11. 333,
3. 333, 3. 313, 28. 311, 3 maius
220, 28 maiore 33, 8. 311, 13. 311,
3. 333, 1331313 maiores 313, 3.
12. 131, 3. 113, 33 maiora 33, 13
maiorum 142,3 maioribus 142,
11. 2131 maiores 28, 10. 14, 4.
33113131331311 maioribus
313, 18. 333. 1122. 8. 3331 subsc.
umaiores- maximus 148,23 ma-
xima 30, 8. 153, 3 maximum 313
maximae 2541 maximi 288,6
maximum 71, 19. 131, 6. 159, 12
maxima 11, 9. 194, 23 maximae
00, 8. 13 maxima 132,10.180, 12.
254, 21 maximos 38,13.42, 18.
57, 20 maximas 46, 8. 103, 3. 129,
3.13331.13333133131331

magnitudinis 65, 24. 95, 19. 114, 7 Magorum 18314

magnitudinem 71, 11. 79, 11. 101, maiestas 1,13 maiestatis 145, 27
12.112,1.118,27.133,26. 160,19. maiestate 52,18

12122293· 227, 7· 24635- 25011- maiores 18, 28. 133, 131331. 13.
261323. 27412 magnuumne 432· 3131 maioribus 1031313311.

109711318- 1181221710, 1161, *131, 14. 33331. 313, 3. 333, 13
13, 13331. 133, 3. 333, 3131331. maleficum 193 20
3133. 31331. 3333333133333 malleolis 2338234, ῃ

magnitudines 126,11. 146,18. 10.
147, 9 - 105,9 magnitudinum 81,
1. 142, 6. 208, 8 ¹magnitudinibus

malus 31103131. 231,3 mali 254, 6.

313 malo 3133

(51,15,131,5,143’10¹ 152,23.181, malus udi. malo 192,2 mali 173,10

13. 218, 21

malis *1225

magnus magn„ 78,5.118,21.130,8. Mamertinum (se. uinum) 188,12
333, 3. 311, 13. 333, 11 magnum mammatae *17018

31, 1. 33331313, 31 magni 1331 mancipii) 20, 20
magmun 11313 magnam 3331. mandau11181,22 . ,
133, 13. 140, 21.*188, 8. 133, 1333. manebunt 28122 manserit 188,12

218, 20. 288, 3. 331, 31 magnum manifestum 216· 20
9, 5, 1745) magno 5,14,115,3‚ mano manat 181,1 manando 42,

311, 1. 333, 33 magna 82, 8. 13, 3.

33. 1331

131, 31. 133, 21. 181, 21. 13313. managam 36⁷ =

180, 8. 204, 8. 22. 210, 21. 3313 manubrii 8, 8. 118, 21. 28222
magn0 14, 13 331, 113, 38, 215, manubria 261, 21 manubriis 281, 20
11. 331, 13 magni 31, 33. 113, 33. manucla ,26112

11313. 180, 12. 1331 magnae manupretio 21513

71,2. 215, 3. 23312 magna 147, 11133113228,21.39,5,65,11 manum

18. 213, 30. 258, 4. 281, 13 magnis
63, 14. 281, 13 magnos 212, 6.
274, 21 magnas 32, 19. 39, 22. 55,
20. 56, 26. 61, 26. 65, 22. 124, 28.
177, 3. 180, 4 maguis 1, 7. 24, 7.
137, 24. 156, 7. 217, 7. 22, 5. 84, 2.

183,*12. 229, 4. 230, 23 311 manum
62,22.139,6.184,21.245,25 manu
4, 23. 10, 828, 8. 31, 28. 40, 5. 50,
4. 138, 9. 159, 11. 173, 24. 176, 2.
215, 14. 228, 16. 231, 7. 254,2 1113.-
3111113 66, 3. 252, 24 manus 35, 25.

 

