.-121-·

silentio 1529

Silenus 158, 28

11111 silendum 1628 11111111 1599

silex 298. 111111 41,4. 47,21. 211,
19919191

11111111 nom. 44, 28 1111111 20917

(11111111111111111911111111 172 ,9)

siluae 128, 17. 145, 27 1111111111 34,
25. 35, 8. 188, 2 siluis 33, 14

11111111 187, 26

11111(97,16) simam 81,19 simus
82, 6. *93, 8 simus 82, 5 simis
55

mfflmffimssmmmms
simili 3916 similes 15924. 173,
20. 191, 11. 194, 6 111111111919-
4913 similibus 172, 21. 90, 18.
16911. 192, 25. 144, 4 ueri simi·
111281, 16 - similiter 9,17. 14,
21. 44, 3. 95, 22. 96,12. 139,12.
wmm5m55nm,o.

191941ΜΜ1,1,
mmmms
. 11111111111156,1
similitudo 143, 25 similitudinem
<65, 8.) 104, 9. 2291 similitudino
¹ mmmssmffl
simo simauerunt 89, 4 (1111111111

1111811111127,6.*128,4-143,15
simplicibus 67, 17

simul 171, 21. 220, 2. (254, 16)-
simul us’ 24, 5.(137,21)- simul- =
simul ut 45, 6. 421. 58, 2. 621.
Ἢωωωηωφηη.
19191

simulacrum 58, 24 simulacri 230, 11
911980191 99,4.218,1.228,21
230, 19 1111111111 22916 simu-
lacra 95, 6. 102, 19. 231, 18 simu·
lucrorum 13911 simulacra 5, 5.
QMwmmw

sin 111111 c. 11111. pr. 118, 16. 210,

18-1Η11111111.30,540,9.79’

1111911191119
mmmmmwmm‚ffl5‚
3M5,s.m3mmum.
wumufflmmwms.
1ffirmu.mw'mm‚w
mmm5nmmmm2.
mflmmmfflmmmr,

mmnmm-emn

mawmwfflmmmm
19191-911Μ1
1Μω91211ᾙ1
24219 - 111 (ser. si) (26911)

1111 2, 24. 3, 11 511. 91916. 6,19.
1ΉΜῌ119119
20.26.23,11.32,9.10.12.13.39
1191911ᾚ1911,
1919191911
9199919191
72,1.21, 86,10. 91,14. 92,5. 109,
29, 21. 103, 12. 109, 25 109, *14.
16.110,9.121,13.124,12,129,,2
1312,6. 24. 133,24. 139,19.19. 139,
15wmmffl5mwm,
mffimm53mmffi
152,19.194,1.195,1.191,11 168,
27. 199, 28. 173, 7. 22. 177, 24. 178,
19.179,15.19.184,7.8.15.29
189, 19. 200, 24. 204, 20 211, 2. 21.
214, 5. 222 11. 242,17. 13. 243,13.
msswwfflmfflmm5.
1mm55555554
25. 257, 9. 256, 1. 277 ,17.278,22
280,13 17.283, 10

singillatim 5910

singulares 67, 3. 8, 17 singularibus
69, 25- singulariter 8, 15

singtilis, 1. 28,11. 64, 23. 153, 18.
159, 19. 254, 25. 25410 singtrlue
*114, 15 1111111591 72, 9. 11
1,Μ91ω11ῃω9

u.msswfflmmmm3'

singulorum 25, 5. 48, 27 singu·
191111177, 22. 198, 7.214, 14. 217,
8111111111111162,0.96,12.89 18.

115, 4 138, 23. 145, 3. 191, 19 sin·
gufis 20, 14. 124, 23. 261, 19. 9, 9.
83,2 singulos 48, 17. 255 12. 22
1111111118, 7. 9, 9 83, 11111
mmmmfflwffi,wwffl.
213 ,10 221, 21 241,1.*258, 13.
264, 1927924 1113111129, 17
157, 2. 153, 15. 155 3. 226, 21. 238,
15.4w1m10„5n,1s.5,24.w,
8. 84, 25. 155, 5. 205, 25. 258,14
1911ΜΜΜ9Η1
1919191911
mmwwmwmmws
221, 8. 11 239, 20. 256, 11. 279, 2.

11111111 sinistram 51, 2212911. 127.
17. 230,14.(235,12.) 240, 25. 248,
4 sinistrum *239 12. 276, 7 si·
nistre. 122, 4 1. dextra 11 11
1111111 111111115927. 1291112

-sinisteriore 234,10. 23911

sinisterioribus *228, 15

Sinope 17915

1111111111 *8213

 

