-51—

11111174, 7 11111111111111187,3
[111111161111111118116 6111111111
11111131,2 ρ11111011111133,7 1111-
1111111149, 22 266, 2 11111116 243,1
1111111114,14. 131, 24 201, 21 pa·
11111 175, 24 1111111146, 21 111-
ratam 90, 23 parati 5, 9. (63, 7)
parata 184, 21

Paros Paro 251,23

parricidii 168,2

parotides *98,6

pars 26, 7. 27, 5. 29, 2. 36, 8. 43, 26.
1111111Μ11
111ΗῌΜΜΜΜ1

11111111111

82,2. 84, 4. 87, 18. 91, 17. 93,13.
1Μω11ωωῃ11
1111111111
1111111Μ11
196, 3. *6. 196, 10. 11. 14 219, 26.
220, 13. 226, 10. 26. 227, 19234,
14. 239, 18 246, 13. 263, 3. 266, 7.
12 268,3. 16. 24. 27014 271, 3018
partis 12,16. 26,13. 29,10.66,4.
1111111111
1012. 78, 4. 28. 80, *¹4. 13. 81, 12.
91, 22. 92, 20. 94, 15. 97, 24. 100,
1111111111
l. 44. 241, 13. 18. 266, 8. 20, 270, 1.
15. 274,1 parti 231112 partem
1ηῌ1111111
1111111111
82, 15. 16. 86, 23. 96, 4. 101,6, 104,
6 108,.8 118, 22. 120, 11. 13. 123,
4. 127, 9. 138, 3. 163, 23. 188, 20.

15. 209, 11. 219, 13. 14. 224 24. 226,
10. 227, 12. 228,2. *229, 9. 232, 4
234,11. 236,10.239,14.241, 1.
Q5fflmm5m4ffi’5
mmmmmwmmmn
11ΜΜ1ἩΜ111-
1111111111
1111111111
1111111111
11111ω1111
111ῌΗ1Η1ω1
1111111111
2. 271, 5 partium 74, 10. 13. 77,
22. 2250, 12 1111116111 14, 8 partes
1111111111
11111Μ1Ν11
10. 12. 16. 18. 41. 77, 13. 44. 78,21.
1111111111
1111111111
1111111111
1,ΉΜΜῌ11111
11Μ1111Μ11
1ω11111111
1111111111
111111111111111
11111Μ11111
*111,1.111,11.111,1 1111111
1111111111
3111111Μ1111
23. 26. 79, 6. 11. 87, 24. 91, 4. 92,
1111111111
1111111111
1111111111
817. 230, 14. 434, 4. 455, 15. 474,
3. 284, 43

223, 24. 224, 29. 226,6. ’.226, 23. 27. 1111116616 203, 26 particulae 67, 3

227, 319 *228,12. 241, 11. 44. 248,

61111111183116 11111111111217

4451, 16. 253, 21. 254, 27. 266, 10. 1111111111 180,12
263, 18272, 1615271110 parte partitione 64, 20 11111111011616

381619191122242110

1111111111

1111111161 102,13
27, 18. 29, 6 39,0.10.13.41,11. 1111111911. 54,20.198,12 1111111111

*54, 16 11111111 acc. 36,14

1111111111111111111111

11111Μω111
Μ111111111
1111111111
1111111111
111111ΜΗΜ1
. 1111111Μ11

11ΜΜΜ11111
1111111111
1111111ωυ1
1111111Μ11
111111Μ111
1111111111
11111ῃ1111

1111111111
- minus 54, 20. 118, 3. 20. 129,
1111111111
241,9. 468,14.471,15-n0n minus
1111111111
1111111111
111ΜῌΜΜΜ11
1111ωω11111
1111ΜΜ1111
160, 2. 13. 162, 6. 163, 17. 167, 24.
111111111Μ1
180,19. 182, 18. 187,12. 199,8, 200,
11111111111

 

