-.35-

uormit 230, 20 9919199191 43, 3.

immmmmmmmm

omnmmmfflmmm
mmmmmmmmmm

231, 2 nominantur 44,1. 85, 22 999919 97, 12. (72, 6.) 73, 13. 17, 78,

129, 19. 121, 7. 134,6. 140, 7.11,11
2 ,219, 11) 116111199111160,2 99191·

22 24 791082286161009 -

231018 21214428423

nurotiir152,5.252,5 nominatum noui u. nosco ⁴ ,
911 89, 16. 89, 24 99191911191991 991111111.ι 11, 21) 99911919 87,6
87, 27 9991199191111919187,3 9911111 2116,3 991111 226,4 991111111

9919191119 88, 1 nominato 8810.
9919191119 «1191 28, 7. 48, 22 ,23 76,
17. 88, 31. 133, 28. 217, 24 (39, 19

163,13 nouae 12, 7 noui 85,1
9999 170,11) 99119 164, 17 119111
173,10 nouarum 88,4. 193, 9
1199913410.168,17 1191111 236, 10

246, 26. )<63, 8. 210, 18. 226 ,21) 9991111999 299, 15. 17 nouissimi

— 9191991 modo 19111111 19111991

Nonacris 19914
nongenta 27, 9

219, 26 nouissimos 121, 15

nox 119919 282,14
nubes 189, 2. 12. 23 22219

nonnulli 28, 6. 34, 7. 89, 12. 99, 20 999199119318. 166, 9 nucleum 153

121,4.168,4,169,18.16911.176,

20 nucleo 194, 21

4. 192, 10. 236, 15. 247, 22 non· nudus 216, 26 911911 *8910 (nudo

nullae 44, 22. 200, l. 298, 21 999-

108 ,10) 9911111796 9111111171, 22·

nullu 43, 20. 110,19. 19123199, 11911111193,·26.193,1 1191197, 2. 96,

26. 204, 9. 281, 16 nonnullis 222 7

99999119163,29.149,10 99999119

’ 36,19. 246,8 999991111493 69,
3.44,13 47,.6 172, 18. 202, 21. 221,

2 281 21- 111011. 9991111111 29 11.
36, 15. 37, 19. 68, 3. 101, 26. 133, 3.

246, 8, 207, 3..8 273, 23 9999111111

24, 26
nonnumquam 220, 26

28.106,19. 1106 116,19. 1316
999ω9ωω9ῌ9
20. 268, 22 nullum 6,19;129, 10.
161,19 nullius 148,19 nulium
114,11 9111191963, 18. 188, 8. 276,
13 nullum 72, 15. 167, 23 991111
153, 7 99119 16, 16. 132, 20 nulli
153, 23 nullu 37,11.,4326 991191
*189, 14 9911911331

nonus nonu 73, 22. (78, 17) 99999 numen 1,1
234,1.266,8 99191111 113,·13 nono numerutrir 226, 9 numerari 226, 8
· et uicensimo 221, 26 nona *87, 14 11991919167,6. 1045. 264,19 numeri

norma 82, 20Ι 9919199 82, 22. 92, 10

99191991 55, 8. 82, 19. 167, 19. 296,
22. 214, 6. 713. 233, 20 991919-

rum 3, 24

99199 nonerunt 25, 27. 269, 9 99119-
1113, 1916. 6, 26 9911111991 166,

20 nouisse 4, 5. 5, 21. 6, 20

9ο11911191191222,14 9911919 94, 16

nostram 218,4 9911111 28,7.192,
nmummmfflmmm,

57, 4. 213, 19. 221, 9. 12. 19. 239,
29 9919911191 5, 1. 7, 22. 66, 20. 21.
26, 67, 6. 68, 6. 17. 146, 20. 147, 10.
162, 11. 214, 17. 19. 220, 28, 264,
29 9991919 10, 18. 55, 22. 67,9.16.
19. (68, 1.) 96, 5. 113, 13. 117, 18.
213, 22, 26. 214 2 219, 22. 220 3
293, 12. 23. 264, 4. 266, 28 283, 27
99199191 26, 15. 58, 10. 269, 3 99-
91911167,16.224,18

5 nostris 269, 13 nostro 280,15 (numidarum 196 ,2)
9911111 103,4 - 1117111. nostri 37, 99111919 20,19.*68,1
9999ω99999999999991949919

9999999ψη9

6. 249,9 nostris 150,7
nostratium 148, 29
9919 99191 8, 2. 53, 11

mmm5mmmmmwm

99111191 qen. 133,9
9919 notatae erunt 121, 21

notus 1,16.1’33,19 99199194 991991
6,2 9919 4, 21 notae 37,Βο 119,

·9999999999

9999Μ99ω99,
999999ῌΜ99
9999999999,
mnw5mmfflmwm
mmmmfflmmmmm,
mmmmmwmmmm
mmmmmmmmwo
999999

99ω19999999μ999ω1

 

