-31'-

muuemummmffi
61666666664666
6-6666-ωω6.
6166666666466
6666666666
666ω6ω6666.
mummufflwuwu
swmmmmffimmum
249, 3. 266, 18. 264, 9. 266, 17 013
6. ind. perf. *2,8. 28,1. 60,12. 160,
mmmcmMQumffl
memffiwfflmmmu
rmmmmumummm
6666666666
6666666666
rumumummqu
mmufflwmmemu
1wmmmmumwm8
3. 193, 15. 105, 3. 200, 18. 208, 1.
1221, 9 226, 8.18. 227, 23. 244, 4.
,2622616619.2641131136.

13,11.11‚4.<12>.1o,14. 1e‚3.1.1e‚
66666666Μ6
66666666666,
6666666661
mwumustmowuu,
6666666666
6666666666
Μ1ΜΜ6Μ6666
muumflnmmmn
uummwuummu
uuumuwmmmuu
uummmeMQm
1mfflmsffimummm
wmpmuuuwmu
mmmummuuuu
161, 18. 19. 1666. 113‚1.o‚1e. 179,
fflpmuuwmmuu
mmmmwwwmmfflo
wummewummu
memoumwuum
ummuumuume

266, 12. 272, 1-2 —cumconloootue
fuciunt 244, 1- eisd. plusqpt'.
18, 27. 250, 10 curu secum

c. 6661. pr. 7, 16. 10, 20. 16, 26. 21, Cumae Cumis 129, 16 -
7. 26,16. 39, 23. 37, 20. 39, 19. 40, rum 42, 23

23. 41,3. 46, 2. 7. 27. 49, 7. 67, 6. cunctus 167,1 cunctis 10, 21. 1, 2.
64, 6. 76,16. 96, 17. 103, 16. 109, (128, 10) 167, 21 (179, 4)

14. 26. 111,3. 114,,8 121, 14. 123, cuneoli 272,8

262, 9. 264, 4. 285, 2. 8. 288, 3. 273,
18. 277, 8. 282, 2. 8. 18 -u. mc· ’

Cumano·

20. 24. 26, 126, 18. 127,.’e 137, 20, cuncus cunco 260,1 cuuc111713.
26. 138,18.138,12.13.22.141,3. 17 162, 21. 238, 24 cuneorum152,
10. 147,11. 148,18. *162,21, 164, 12. 18. 172, 9. 238 ,1.4(22) 272,18
18. 162, 6. 166, 12. 168, 1. 177,16. 611116662213.114,14,117,16,120,
186, 2. 191, 13, 193, 9. 194, 16. 200, 21. 152, 28 cunels 152 14, 171,10.
19, 203, 22. 210, 18. 212, 8. 11. 217, 238, 23. 272, 6. 14

. 18. 229,3.22. 221,3. 222, 8. 12, 224, cupiditatis 158, 10
½828138>mwoucmuwmewopfflmuwe
1216, 26314. 264, 10. 277,16- cupresseae 68, 23 cupressei *1066
c. 6661. imps. 1,1. 9. 31, 8. 34,10. cupressus 66, 23. 26 cupresso 14, 20.
6666666666 6666666666
uomuouuumamustmsuur ·

5. 178, 11. 183, 19. 203, 6, 16. 216, 661012, 5. 138, 25. 153, 4. 154,3 cu·
20. 21, 237, 11. 16. 260, 9. 16261,16161,10.2,13.133,14.216,21

' 14. 21. 262, 4. 273, 16. 274,.7 281, cura 121, 1. 182,25.182,20. 185,

9. 283, 9. 27. 284, 7. 10- eccui: 13. 233,3 curis 233 o

plueq. Ρ, 17. 2, 8. 6, 1, 31, 13. 20. curationem 1941 cuiationes24, 11
32, 617 33, 20. 27. 36, 25 36, 1. curculionem 147, 24

49, 23. 61, 8.11. 13.20.50,18.80,cur13108,2.107,28

' 2683, 13. 84, 23. 85,12’. 18. 22. curiosc 203, 8 curiosius 108, 21 166,
88, 22. 27. 90, 23. 103, 24. 131, 14. 6,,102 16106,1.23.170,21)

21. 166 8 doneque oum feccrit 661666166119,16 666616116613
222, 8 curaui 19613 661661116110217,
6661- 16613, 4. 46, 9. 148, 22. 18 66166616611322915611245
155, 4. 178, 19 10 curantur 24 13. 16. 179, 5. 12
cum praep. 2, 38. 3, 3. 4, 12. 6, 2. 18, curabuntur 24, 13 curetum fuerit
6,17.9,7.11.17.11,8.21.12,6.26, 200, 16 6166166 fuerint 66, 20

0

 

