..ss1-

111, 19. 288, 4. 10. 11. 11 hostiam 1111111111

15,12. 283, 19. 23 hostes 51, 22 iaculari 1118

hostibus 1, 1. 4, 11. 80, 20 iaia 90, 2. 89, 21. 129, 1. 199, 11. 114,
hoo 1111 11111
humanitatis 33, 11. 50, 22. 213,2 11111111 149,2 11111181414 ianuis

humanitatem 317 146, 8 ianuas 148, 9. 23. 150, 8.
humanum 203, 23 humanas 204, 28. *1512

*2329 111111128124 humanis 10114111113111.1111418.

19, 2. 210, 9. 198,8 hunuano 31, 12 42, 19. 48, 11411111, 11. 1111.
humidum u. umidum 99, 1899, 1. 20. 85, 4. 14. 89,18.
humili 93, 17 humiles 1111. 102, 99,15, 104,11. 108, 9. 114,10. 117,

14. 1111 9. 111, 1. 111, 11. 111, 11. 11111.
humor u. umor 130, 9. 17. 131, 7.18. 137, 22. 139,
1111 (hydor) 199, 19 a. Στυγός 18. 141, 11.-141 21. 199, 11. 111, 1.Ι
1111111111 1111, 11 111, 11. 111,· 11. 111, 14, 20. 198, 9.
(hydraaiao 11111) 11111. 11114. 14. 181, 3. *189,
hydraulicas 9, 18. 289, 22 (111111- 11. 191,9,10. 114, 11. 111, 9. 199,

hoio 1111) 14. 111111, 208, 8. 8. 9. 11. 209,
hydraulas hydraulia ,*291,1 11. 210, 29. 29. 219, 9. 21. 219, 8.
hydria *1814 118, 9. 280, 8. 282, 19. 289, 2. 289,
(hydromyiao Tora. 299,11) 1111, 141, 14. 141, 211. 291,29.
Hymettum 49,9 *111 29. 290, 9. 292, 19. 22. 282,
1211112111·1111111123 1113181111 a ·

thra'18,⁴1 hy’pasihros’fim. 11151), iihiisiirliipliseia 1⁸1,'2809'9

27 hyp801h18s124‚2 hypaethris (1111411)

11111. 29 latinos *199,9.191,10
Hypanis 190,15. 196, 24 Hypanim 1111111811) 11,22

199,29 idom191,9.222,9.289,19(189,21.190,
11111111111111) 11111- hypate 14. 111111. 1111. 1111) oodoni

112, 11111. 111, 9. 9. 9 hypaton 111. 1111. 1111. 11111 idom

119, 2 hia hypaton 112, 17. *21 2, 2. 10, 20 eiusdem 9, 12. 27. 23,

*22. 115, 3. 15. 29. 29 hypatas 10. 43, 8. 118, 13. 178, 17. 256, 25.

*189,18 · 1111411111111111.11,11.11

1111111111 (hyporbolaeon) 118, 19 11. 111. 22. 80, 19. 1111. 98, 4.
- hyporbolaeon 112, 18. 118, 2 129, 12. 1111111111. 29. 149,

129‘8. 114, 21. 119, 12. 16. 22 15. 190, 11. 193, 14. 186, 13. 209,
(hyperthyridos 11. 8990. pro hypeiri 19. 19. 238, 8. 262, 4. 2019 11111-
1111) dom 1111. 1111. 1111. 188, 20
hyperthyrum 97, 14 hyperthyra idom *Spsitk 122, 9. 1118. (290,
(11111111 11, 11 hypatia 98, 4) 1111113111ἶὲ1 1111111811
, hypocausis 125, 8. 9.10 hypocausi 2811511 eadem13,10.48,19.
129, 18 1111111111,1111111111.
hypogea 191, 11 *11, 1. 109, 2. 111, 1. 111, 28. 189,
iooooyhoo (hypamoolion) *1111 - 19. 188, 9. 193, 14. 111, 22. 199,19.
hypomochlion *111, 11 11111,111,14.111,1.111,11.114,
‹hypohhyri oi. loo. 1111) 1. 219, 11. 19. 111, 11. 111, 11. 229,
hypotrachelion 91, 24 hypotrachs· 20. 238, 18. 247, 3. 249, 23. 290,19.
liam100,9 hypotraoholio 1111. 11. 1111. 111,1.(11111.)111,11.
100,9 111111111111811 hypo· 11118,11.114,1.111,11.114,11.
111818111174,8 281,18.282,2 1018111414175,
hysgino *111, 11 11111111114.1111114111,
17 1111111212, 12 1111811412.

111111411111111111411111111 *111,11.(114,1.)*114,11 eadem
iaciunt 1048 iaetus 111 104,9 48,19. 186, 19. 257, 12. 269, 17

 

