-42..

mmmmmwwnun
nenansuennunun

nmcunumnmffi

236, 1. 13, 237, 1. 2. 4. 20. 24. 25.
238, 1. 17. 21. 23. 25. 239, 6 018. 10.
*11.13.11.210,1.11.12,*11. 212,
14. 213, 25. 241,13, 248, 8. 219,1.
15566656666666

166666Μ666
6666666666
666666666665
2. 5. 273, 36. 276, 20. 23v 277,6. 11.
666666ΜΜΗ6
*66666
66666566-6
5Μ66666ΜΜ65
198, 12 204, 2. 220, 16. 25. 222,1.
221, 11. 225, 6. 227, 20. 264, 18

(ebeni) fert. 5’8 ,24)

6516556151 tur 264’, 5 6516616666 260,
18 eblandiretur 174,6

ἐκκλησιαστήριον *173, 25

rixetur (echert) 613 ἠχείοις *110, 13
661566 *114, ’20 *116, 26 echeis

*116, 16
echinus 01, 24 echino 100,5
ἐκφοράν 77,9- ecphora5 81, 22.

6653161161 1212,24 ederem 1,15
ederent 197,9 edidit 159,1 661-

6ΗΜ6Μ6Ή666
18.111,17.25. 175, 5. 181,21. 195,
mmssmunmmfflffi
rmunmuffimcnenws
65666666666
66565666666,
5Μ666ΜΜ666,
6666666665
15. 211, 18 efficiat 104,11. 171,
15, 238, 19 efficiebat 274, 21 effi·
ciebant 34, 10. 275, 9 6111616141,

12. 74, '³ ,121, 24. 130, 8. 180, 22. ·

264,13. 17 6111616551 ’1,6 6. 2’1,9.
95, 26. 103, 20. 211, 20 6116651 *601

, 6111616612, 10. 44, 9. 54, 20. 56, 13.

63, 2. 65, 5. 18. 66, 5. 68,15, ²445,
1. 178,13, 181, 9. 18. 196,15. 205,
10 221, 2. 22412 616616616510,
666666ῌΜ66
656ωω666η5
6666666666
4 efficiuntur 17,2. 115, 7 efficie-
bat tur 68, 8 efficiebantur 34,11
efficerentur 68, 23. 198, 6 efficie-
mmmmnwnwnmc
effectus est 67,17 effecta erunt
214, 3 6111136162 ,.26 3,12.18.,6
19. 85, 20. 91, 14. 116, 6.’139, 3.,18
181,5189, 7. 208, 26. 225,18
effettce 121, 28

dissent 162, 8 edere 1, 8. 160, 9 6106511216] 6106656215,23 effluens

edito 54, 21 edita 155, 7. 160,7
666666

sm

effracta 280, 21

educit 61,23.259, 19 educunt 35, 1. effugiunt 210, 29
3 eduxit 51,15.157,12 6666655- effundunt 1319 (effudit fort 181,

1555 143,9 educetur 165, 20 666-
666
66666 educati essent 133, 20

{312 69115555(11165,171,21 6116556656

effusi5nibus 139, 20 “

666666666666666
5.536,5 955.5,5.55,6.566,56 ego 565,55.533,6.565,55.556,6

effectum 8, 20 effectus pl. 666.
6666666666
566666ωω66
6566666Μ6.
6666666666
6666666
efferunt 51,13 efferet 267,2 extu-
lerunt 85, 25 extulissent 155, 20

extulerint 256 24 257, 4 61616661

121, 9 6116556260, 15 61616108, 9
12 61611 *26622 616166 2217, 21

203, 11. 204, 6 mihi 2, 6. 28,13.
31, 1. 32, 22. 88, 6. 102, 12. 104, 17.
127,1. 131, 9. 13312. 140, 4. 179,
21. 183, 5. 243, 19, 272, 19. 275, 20.
277, 18. 280, 1 mc 11, 9. 36, 21.
132, 23. 28. 158, 10. 204,6 - me.
cum 3215- nos 91, 11, 151, 3.

12. 158, 13. 174, 20 ccc. 174, 15.
20315 nobis 121, 29. 156, 7. 222,

10. ’12 16. 224, 21. 233, 7. 236, 11
cdl. 26, 27. 28, ’12. 151, 25,

, efferueo 61165661196,14 6665516551 egred1t11r192516621220,1 egre-

14,1

(huntur 189 11. 193, 1 egrediatur

6665666611192,4611,656666655119218 121,17 egressi 'sunt 188, 20

efficit 16, 23. 17, 15. 21, 20 38, ’12
42,.7 17 26. 43, 12. 45, 12. 56 21

6656666 sit 196, 7 egredi 264, 26.
6ῌ666666666

 

