-917

21 — morturium 182,22 mortu-
mmmmmfflmmmmu

- mortariis 189, 13

mortiferam 199, 13 mortifere 198,19
mos more 13, 12. 39, 14. 39, 7. 5090.
11,]1.11,11.11,1.11,11.11111
111, 11. 111, 11. 111, 3. 192, 13
mores 173,10 morum 943, 17.
moribus 917,19 mores 35, 91.
111,1.111,11 moribus 30, 21. 93,
11. 11, 9. 99, 13. 99,9.199,1. 199,
mmmmwmmmm
motionem 193, 17 motione 238, 9.
969, 94 motionum 2389 motio·
nes 119, 2. 1111. 111, 19 motio-
nibus 19, 94. 193, 90. 299, 3

motus 23, 29. 959,10 motu *9,13.
960, 10 1111111959, 14. 191, 5. 943,
11.111,1.111,11.*11.111,111111
mouetur 109, 91. 110, 94. 133,14.
943, 95 mouentur 110, 2. 113, 3.

plus 1, 9. 111,11.111,11.111,11.
18. 223, 9. 299, 21. 111, 1. 11, 11.
11, 11. 11, 11. 11, 11. 99, 1. 111, 1.
113, 1. 1111. 29. 199, 111111.
11,11. 11, 1111. 11111. 111, 11.
23. 24. 120, 20. 142, 18. 99. 141, 20.
170,17. 996, 7. 953, 19 plures 34,
1. 93, 11. 111, 12. 111, 1. 111, 11.
111, 1. 239, 21. 239,1 ⁴ 290, 14.
199, l. 990, 90. 983, 16. 4, 5 pluro,
3, 21. 1111. 1111. 111, 10. 11, 1.
160, 7. 191,4 pluribus 9,17. 7,17.
1,1.111,11.111,11.11,11. 11, 11.
21,19. 111, 11. 11. 111, 9. 111, 11.
299, 2. 213, 19. 293,19 - 11111.
plures 29, 13. 218, 4 pluribus 133,
11 plures 83,13 - 11111111909
plurimo 57,10 plurimi 13,95 plu-
rimu 190,19 -111011, plurimum
1115. 11, 9. 21. 111. 11, 1 plu-
rimo *18,9

131,11.10. 938, 10. 944,14 mo· Mummium 116, 90
ueuutur212,1 mouebatur 970, ’1. 1111111919,1.939,9 muudi 34, 3.

299,19 moti sunt 188,91 mouere
292, 24 moueri211,9 mouendo
164,19 mouentis *960, 17 mo-
tus 11111 1111111111. 111, 11
Mucio 11, 20. 191, 21

muliebrem 80, 9 muliebri 36,11.
909,0 muliebrio 04,10. 19116 mu-
liebres 4,9

mulierem 91,9 mulieres 150, 93
mulierum 1500

mulinu¹ 199, 19
multiplex multiplicibus 293,2

11111111111111.11111111,
1. 1111. 1111. 1111. 11. 111, 11.
111, 1. 111, 13. 229, 11. 11. 11. 111,
2. 231,23. 232‚3.9. 244,22 mundo
136, 2. 224,13 mundum 193, 21.
1111111.111,1.11,111,11. 111,
11. 1111 1111111111. 1111. 111,
1111111.1111111111111,1.
111. 111, 1. 111, 1. 111, 1. 111, 1.
11111

municeps municipibus 20, 20
municipalibus 59, 4,
municipium 45, 94 municipii 108,9

multiplicationes 2993 multiplicu- municip1020'21 munieipia 20'4

tionibus 213, 16 .

multiplico multiplicati 213, 94 mul-
tiplicatis 92, 96 ,
multitudo 199, 14. 959, 94. 259, 19.

- 904,15 municipiorum 49,9
municipiis 99, 19 - 60, 19

munio munitum csse 49, 24 muni-

tum 53, 90

974,16 multitudini 157,3 multi· munitionem 99, 28. 984, 13 muni·

tudinem 92, 21. 73, 3. 153, 7. 189,
9. 195, 17. 90. 299, 2 multitudine
111, 11. 111,11.111,1

tione 99, 91 munitiones 20, 96.
99, 14. 980, 7. 19,1 munitionibus
2999

multum 18, 7. 45, 8 - 57,11 multo munus 129, 23. 134, 8. 159, 13. 983, 1

111, 19. 111, 11 111111, 9. 119,21.
199, 11. 111, 1. 111,11.111,1 mul-
tae 1o,1. 2392 111111 11. 111,

11111111139,18.913,4.105,4 mu·

nerum 39,4 muneribus 5, 17. 31, ,
11.131,19.191,19.243‚9

1. 903, 94. 915,8 multis 104,16. munuli 21, 98

177, 93 multus 5, 99. 10, 17. 917, 9 Murenae 49,13

multu 9, 16. 96, 96. 110, 7. 15197. murrae (myrrae) 197, 99 Ι
111,11.111,11.111,1.111,1111, 11111111,1.11,11.111,11.11 mun

23 111111111,11.111,11.111,11.
949, 14. 170,8. 14 multo c. compar.
191,19.191,19.219,4.211,19.221,3

Vitruvius.

21, 19. 22. 22, 8. 1015. 91. 29,2.
130, 93. 980, 22. 193, 94 muro 21,
14. 153, 18 murum 91, 7, 1022,

9

 

