..144-

180, 3. 3,30. *15,33. 37,39. 145,13.
161,11 usu 185,1 usum 3, 33.
14, 33. 15, 3. 14. 30, 3. 31, 3. 36, 18.
28. 37, 31. 41, 13. 63, 9. 71, 533.

1666666666666)3
16666ῌΜ6666
646666-666,
666-666666

6616616616661661666366466614666

9. 139, 3. 144,13. 145,15. 146, 14.
. 171,13. 177, 33. 178,3.180,13.
666ωω6666,
16. 311, 30. 338, 33. 341, 36344,
30. 345, 9. 36. 348, 19. 357, 10.
371, 33 111 161133,6.36.55,11.57,
6. 145,3 - 119, 8. 154, 34. 360, 18
usus 14, 3. 7, 3. 61, 1. 131, 33 usu
uenire 33,19 usu uenisse 280,18
ut coni. 1, 13. 13. 3, 8. 13133530.
161ΜΜ66666
6666666666
9. 33, 1. 6. 33. 35,17.30. 36,·5. 15.
38, 13. 15. 31, 31. 33, 3. 8. 34, 3. 35,
.38.,..,.,.,.38101340341740650,
3<35.>51. 33. 54,3.*8 03,.38.
66, 11. 68, 30, 31. 69, 16. 21. 73, 34.
73,3.,7018.77,.311. 73‚1.1080,
733. 86,4.,87 11 88 30 93316.
97, 33, 99, 17. 100, (6). 10. 18. 103,
533. 105,35.109, 18.110,11. 114,
8. 135, 8. 14. 136, 19. 35. 138, 16.
19. 21. 130, 7. 39. 131,19. 13313.
1666ῌΜ6666
146, 13. 147, 7. 148, 4. 8. 30. 36.
151, 14. 153, 9. 10. 1565. 157, 8.
17. 34. 163,3. 163, 4. 164 5 .
166,16. 167, 11. 169, 17. 37. 170,
17. 30.171,10.175,11.’13.177,10.
178, 11. 17,94. 180, 4. 38. 30. 181,
1. 8. 195, 8. 303, 16. 19. 306, 35.
307, 3. <9>. 308, 12. 17. <30>. 309,
3. 11. 33. 311, 13. 313, 31. 316, 9.
<317,11.> 331, 8. 333, 13333, 5.
333, 3. 30. 334,13. 337,11. 338, 3.
18. 341,36. 343, 1.(16). 31. 344,
3. *5. *6. 346, 316. 18. 348, 4, 11.
6666666666
1. 34. 359, 3, 17. 363, 5. 363,3.14.
<364, 13.) *365, 11. 368,10. 13.
369, 8. 13. 370, 3. 9. 373, 14. 374, 8.
376, 5. 377, 9. 381, 7. <9>. 10. 383,
6-3,13.164,3
ut adv. 5, 33. 811011. 14. 10,14.
11, 5. 16, 33. 17, 10. 36, 9. 33, 3. 35.
33, 14. 35. 36, 19. 44, 4. 55. 3. (56,
10.> 63, 14, 30. 64, 13. 70, 8. (77,
20.) 105, 18. 110, 4. 30. 130, 1. 133,

’ 666Μ666666

6Μ6ῌΜΜΜ6Μ6
666666666666466

61616666666
66611161666616.
6663666666
6666666666,
1164666666666
ΜῌΜΜ666ΜΜ6
156666666666168
151616161666161.1*6
6. 6, 6. 16. 19, 6. 6. 80, 3. 9.
6666666666
6666666666
66616666666
6666666666
6666666666
66ΜΜ6Μ6Μ61
6666666666
Μ666666666
1616666616616
6666666666
666666666,

1ΗΜΗ6Μ6666

1646636666666
6666Ή666666
6ῌΜ6ΗΜ6666
166666666666
6666666666
6666666666
Μω656666ᾙ6
1666ῌΜ6666.
wnmfflwnmauwz
6.6.6.6,66.6ῌΜ6
Η6,6.6ῌΗ6,6μ5
2mwwwfflmummn
www26mssmm26

333,11. 336,5.338,31.69,18. J

66666,66,1
6Μ.6Μ66666.
6Μ.6666666
66666,16,6-
(666666 “
66666666666,
mstmmmmwma·
666616666661
6666666666
6666666666
6666666666
66666666666
6466666ω666
66666666666
66666666666
9666666666666

 

