'-87-

55555555055753-
33, 14 0001010111 62, 33. 12316.
139, 22. 168, 23. 176,10. 260, 18
oeulis 13913. 1923 oculos 200,
00οΗ00330000
nm5wme

odeum 132,4

omwmommwemmn

193, 18 odores 197, 21 odoribus

Odyssean 13719

οἰκονομία (oeconomia) 11,13

0001100001 143, 31027. 149,13
oecos 149, 37. 130, 33 0001111303

offendit 33, 23 offendunt 310, 37
offende1n235‚8 offenderent 33,31
offenderunt 300, 3 offenderit 5, 17
0110116011111163,23 0110060101 13,
31 0110000131,10 01101101 192,17

mmwwmffiemffl

offensio 109, 33. 110, 3 offensionem
1, 9 offensione 337, 19 011011010-
nweffimmmmw

01601110 17 7,9 officinae 43,13.143,
4. 179, 912 01’60111011111163,6 0111-
cinis 46,7

officinatoris 134, 13

officient 143,18

officinm 10, 31 officio 33, 37. 36, 37.
emoffimwmnmu5

mvffle

οἰκονομία 11. oeconomia

010016311

oleagineae 31, 31 oleagineis 73, 23.
55

olearia 147, 7 01001101 147 3

13030000903
οῃ1ωοοωιω330
2.164,2.174,11.183,6.186,9.
emmmssmmeemffl
155555555555
wmwnmweQnmn
24 116,9.119,29.121,1.123,12.
132, 18148, 8.164,9. 1116, 23171,
1. 174, 2. 191, 13198, 2. 209, 24.
219, 21. 243,10. 267,12. 281, 11
0011110101, 111. 62,16.117,12. 134,
27. 132, 16. 166, 10. 174, 6. 212, 16.
000000390οΜ3
1555w55m555
13.33,·3.14.9,4.131,0.13413133,
000οῌΜ9οΜ0
omnibus 11, 8. 102, 9. 22. 143,10.
mmeffinmewnmn
5m5mnm5555
wnwomm5emnn
155, 22. 178, 21. 207, 8. 260, 11.
mmmmmneffimn
οΜ00οΜΜο3Μ,
030101Μο3000
mmeeQstwfflnwn·
wmfflmmffiewnm
284, 34 0101110009, 13. 14,’13. 133,
ωο0οωΜο0οω,
1ωο093ωο0000
9μ30οωη9030
22,17. 23, 4. 43, 1.6. 18. 26. 44, 1.
0303Μ100οω03
nwffl5m555m55
wwmmmm55m5
mn

0100100011110111010110

0100103331. 147,9.193,13 0101 onerariae 3341

187, 13.14.193,1.6 343,17 0100 0301000010111111140, 17. 313, 3 0110

31,17.166,6.179, 1 187,3. 196,
12. 18. 209, 13. 260, 6. 262, 5

olim 49, 3. 83, 6

Olympium 161,16

Olympius Olyn'ipio 160,13.70,11

, Olympi-e 000. 213, 3

0111111110 7,14. 15,.'3 43, 31. 37. 81,
22. 89, 16 133, 27. 194, 21. 209,.7
wo'mm

omnmnfflwneQem,
nnffimffmmnmm.
209,4 omnis 167, 21. 91, 19. 96,
34. 174, 4 0111ηο111184,21.222, 13.
223, 4 omne 16 26. 611, 14.268,19

0101111326.166,28.198,1. 2749. 611010 (0011113) *89, 22-

63, 4 omnes& 31. 9, 3. 46, 19. 117,

retae 01111 133, 3 0110111140, 12
000100300249, 20 oneratam 234 3

onerosi 39, 23
onus oneris 22, 31. 253, 31013.

334, 24 011011 4, 30. 33, 18. 103, 16
ωα30οωοωηω1
3000οω410034
1336313 011010 36, 7. 132,13.
ωο9ῌωο03ωο
31.130,3.041,0.311,30 oneruni
eaffinmmfflewmm
22. 334, 31 oneribus 347, 1 011010
75, 17. 246,3.224814 2606 0110
ribus 46,6.162,21.266,17

(operum
39, 1) opas (ephes) *39, 24

9. 134, 13 134, 19. 164, 3. 133, 5. opacis 61,12.63,2
187,22. 194, 23. 210, 13. 334, 2. 9. 0001013113 000101013319 opera

 

