-101-

mmmmumeamuuemm‚
mmmmemmmuafflm
mummumuummrmm.
11111161111111
emmmmemmmm

praeterit 113, 19. 116, 3111111111111
10,11 praeterierunt 252,1 prae·
111111 21,20. 164, 13 praetereundo

168,13 praeteriens 87, 3. 225, 4.

226, 5 praetereuntes 66 13 1111-

teritorum 48, 26

praetermittam 61,13 6161, 3 171,1

praetermisi Ι1136, 7 1111111111-

runt 166,10 piaetsrmittendum

(esse) 1,14 111 118,13

praeterquam qnod 146, 8. 167,11,

mem
praetores 14318
1111111111 *133, 11
(pravis 133,10)
Praxiteles 163,17

11111 147, 18 prela 144, 17. 16610
prelorum 146,16 111111 147, 17
1111111666 premunt 166,1. 16
11111111137,17 premitur 134,17.
147,13. 178, 6. 164, 11 premuntur
134, 16 pressa est 11616 111-
mere 16316. 177,13 premens

13,1 prementes 161,11 pressus
167, 24. 131, 7. 11 1111118117
pressum 163, 1 pressi 161,11
pressae 4,18

pressione 101,16.163,3.8.10.164,
16 pressiones 163, 14 pressio-

nibus 258, 6. 164, 3. 160, 8 14.
161,11

11111011176,11

pretium pretia 48,16

Ρ111111 *8, 4 163, 3 Prienen *85, 7

primo primum 1. prior

principibus 61,13 ·

principatum 3,1

111111111184, 14 111111111111137,16.
183,14 111111111161717,13.
68,14.143,11 161, 11 111111111-
rum 37,7.3.60,1.13.01,6. 184,
16 11111111161617,13.161,11

151, 24 - 186, 10. 218, 14. 243,
meme

prius ade. 33, 4. 64,11. 116, 3.
mrim

primus 71, 17. 76, 16. 17. 160, 8.
209, 10. 18. 232, 14. 237, 22 prima.
mmmmmameme
mmsmfflemmmmmnm
14.113,11.141,1 primo 178, 23.
64, 16 primum 167, 64 pri·
mam 110, 5. 117, 16. 120, 22. 225,
3 primo 54, 10. 108, 15. 146, 4.
150, 12. 1,15. 62, 27. 30 23 27.
61168313.146,16.*164,3 156,
16 (173 3) 168, 11. 16 primae
61, 4. 109, 27 prima 114, 22. 115,

11 1111110131,10 1111111117,12 ’

mmmmmnmummume
26) - in primis 108,1

primo adv. 2, 6. 18, 26. 36, 2.
11111111111111
111Μ1Μ1ψ1·
mum adv. 1, 16. 3, 22. 11,10. 13,
11111111111111
11141111111111
11111611111111
11111111111111
11111111111111
11111111111111
nem.mqermms1mmu
111111111111111
8.175,15. 170, 6. 23. 177, 2. 180,
1.11111111111111
22. 210, 2. 23. 211, 10. 213, 12. 239,
16. 237, 5. 25. 2451. 11. 240, 2.
250, 21. 256, 1. 272, 21. 273, 9-u.
quamprimum

primorum 111011, 1,1677
pristinae 41, 21 pristinum 173,13

pristinam 64,16 101, 0

1111111118,10.1,14 16.107,13,113,

eman

priuatus priuata 11. 33, 7. 67,13.

146, 1 111111111111104,16 111-

uat5rum 1,11. 15‚.8 11014131, ’

10.134,10.101,10 1111131164,
16 141,17 1111111143, 4. 107, 10
1111111133, 1 103, 1614117

184,1 111111111117,3.14.18,7.1111101111111111111133, 2 priuata

11 13. 17. 33, 7. 41, 14. 56, 26. 59,

fuer1t 104,18

11. 88,.8 168,14. 210,23,23722. priusquam 41, 26.198,11

142,1
prininis *176, 10 ,

priuus priuis *13.3, 10
161111411111111

prior 220, 25. 253,3 priore 221, 7. 8. 48, 28. 03, 7 08, 4, 73, 19 75, l

1,θο 13 1111111116, 16— 166,

1⁹846865795119*685

20. 130, 18. 99, 10 prioribpi Ι*100,4 103,3.114,7.116,11.138,

 

