..51-

2563 1111 13, 24. 30, 15. 172, 17. 10111111252,23 111111 179,15, 25625
85, 15 fanorum 1613 11111561 11111111199,17 1111112567 111110
farciunt 48,*11.16 fartus crat 49,21 179,2 ferrei 24619. 2768 111·
fartis 277, 1 reae 125, 26. 279, 3 111111259, *3.
farina 180, 29. 267, 20 5. 262, 8 1111101 250, 5. 251, 7.
farnus (Lar. 56, 29) farno 1069 284, 12 ’ 1111111 2565 ferreis 47,
farnaria 148,4 13. 125, 26. 166, 9. 178, 10. 250, 2.
farturae 951. 4613 10610.116111164116111
fascia 16111613 111111111611.1161.114,1,100,11
fasciculos 13, 28 ferri *1161 ferro 1361611116
fastigium 206, 20. 27613. 69, 4. 13. 1611, 7. 126, 4. 279, 2. 10
93,18.100,17. 164, 23. 207, 17. feruet 18,11 feruere 24,5.192,26
27611 fastigii 100, 16. 17613. feruens 188,9. 22611 feruentis
1061106111611 fastigio 81, 288, 28 feruentes 42, 18. 48, 4.
24. 126 7 fastigia 71, 19 (81, 14) 2267 feruentissimam 188,5
82, 11. 1161116111611. 1161 feruesca 4611
fastigiorum 90, 9. 107, 20. 172,11. feruidus 42,24 1111101111 17,15.
176617 fastigiis 90, 7119, 23. 192,15 feruidcs 189,8 feruidis
165,11.178,4 18,21.138,28.190,r
fastigo fastigatum 171,15 fasti· ferulis 198,1
gata 207, 1 feruor 2625. 22616 Ι11110111 19611·
fauilla 209, 28 - 171, 18. 210,1 · feruorem 41, 28 1111011 16, 22.
Fauni aedes 1611 11, 15. 41, 21. 185, 11. 11611. 111,
fauonius 1611 fauoninm 161. 12. 23. 193, 9 feruoribus 222, 26
13.27,11.29,19.20 111011022624 1111111110 *5620 1111366 fera·
fauor fauorem 63 rum 2066- 11111 subet. 3614
fanus fauis 163, 24 festucatione 247, 7 festinationibus
1111111111 1461613618 11111- 16101111, 13
bus 26, 22 festucato 171, 15
fax faces 63, 22. 59, 28 festus festis 10614 .
febri 135, 18 febres 136, 16 111115616 fetu 54, 22 fetus 18618
felicitas 159,12 felicitatis 132,7 fibulam 259, 27 fibula 2465 fibulis
felicitate 63, 20 2623 ’
· femina (torno masculo et 1.) 24614 fibulaticnibus 2463
1111111969 1111111192,11.227,17 1011111862 fictilibus 71, 18. 116,
feminibus 111, 11 13.1161.*101,14.110,11
feneratoribus 161. 146, 22 fidelis 615
fenestram 28612 fenestrae 143, 26 Fidenates lapidicinae 4620
fenestrarum 861311101461. 11116111 13614 1111611
1146114611 fenestras 1611 1111113610
fenestris 119, 25 figlinum 125, 25
fenestrata 5618 fenestratis 2763 1101111237, 13 1111111688, 29 figi-
fenilia 148,4 tur 258,11.15 figuntur 248,15.
fere 866 14611. 111, 8. 258, 28. 11. 111, 4.
Ferenti municipium *4624 · 272,3 figatur 263, 21. 25 figan-
feriens 115,4 111100,1111611161011110,
’1110 ferunt 89,28 1111111*212,8. 1927611 161111125621 fixus
114, 11 11111 3610 fertur 164. est 116161161011 fixa ess
260,13 11111111188,25.248,10. 25617 fixae sunt 159, 21 fixus
’ 114, 11 1111111611101,11 1111111163 1111111111 1164
ferendum 85, 20 ferundo 4, 21 fixum esse 1664 fixa 57,18. 164,
’ ferentes 148, 26. 266, 18 16. 169, 24. 267,9 fixam 240,18
ferramentum 166, 28 ferramento· fixi 163, 6. 1669 fixae 268, 20
rum 177, 7. 283, 20 ferramenta lixa 22, 7. 262, 9. 278, 10 fixos
11611 ferramentis182,11 1161 11111116111161
ferrato 2768 1111101216152563 figuli 223, 20 — 1. figlinum

4*

 

