1111111111.. ‘³5' 23. 26,1

-19-

6666666Μ6
6666666

11110 11110111 164, 20 1111611116 16,3

11110611111111 14, 20. 108, 22 1111611-
1166 611111 108, 27 uitandum 23, 17
1111611110 31,17 uitare 91,9 uitari
53, 6. 191, 21

111111 46,16.161,16 111110 183,1
11111111101121111 62, 9 111106616611111111

616,1 111111116111111168,10 111111-
peruri 157, ³2

11111011116111111 166, 4. 212, 20
1111111611111680,23 uiuum 177,12.

1713,4 111111177,7.178,12 1111111111

666666666
666166161661
666666666
161666160666
166666666
661616616666666
ummmumamm
m‚u.5mmm,’5mm
666666666
umorum 167, 16 *203 24 umores
6,ΜῌὛ6666μ66
5w5m5mffifflmss
6.6Ἧ6ιω6666.
199,15

*16116 1111111209, 13 1111665318 una 0111. 1, 17. 24, 19. 36, 9. 42, 20.

11111818 662148
Ulixis 172, 26
1111111261, 1 11111165, 6. 162, 3. 201, 21 uncinis 125, 26

666666166
666666

111111111 155,11 5515 111151'5 158,10 unda 23, 25 undam 110, 5 unda.

ullum 21,4 ullum 1168. 134, 3.
166, 24 11110 111,.. 2 1111116,·2.
153, 3. 212, 13 1111111222, 11-
5553. ullo 111, 4

ulmus 66, 23. 26..17,16 1111110 14, 21
666666666-16Ἥ66161666

ult-imis 232. 2

1111111 == ultro 131, 28
111110 6410 1111100610 111, 8 6060161661. 14
ulu5¹ 36,11”1.130,14
11111111111·11.6.1,21 umbilico 662 1111116111311116 221,23
1.·28,16. 218, 20 11113011. unguo

118, 16. 189, 3 undarum 109, 23
{3313ss 1111116188, 22. 24 11111111

unde rel 19, 12. 28, 8. 30, 8 40 9

73,“1.111,1.11.158,13. 175, 21.

220, 15. 253 ,19 unde interr. 25,
16. 28, 15. 33, 9. 35, 2951'8. 50 5

6116111166,Ιό

233,17.234,7 1111161110 25. 21. 26. unguem *95 20
6666666666666 6,166

26, 2. 28, 23 11111111111161 1111111111

2261

2116 23 1111111111 23311 1111111111· unguuntur *195, 14 1111301111 187,3

111111 188. 6. 218. 24 umbras 27,1.

5 187, 27. 218. 17 1111166116, 111.

fl

186,11. 18621367

1111161111 44, 24
11111111 uu 51, 12

1111101111· 101, 211226, 16

unctae sun 158, 22 11113111 (1111311611)
*195, 19 1111016 268,11 1111011 195,
12 11110166 258, 23 unctos 195, 15
unctis *128‚ 10

uniuersa 23,1 uniuersae 11, 1512,
11111011111131. 18. 22811 11111010 22814 15 uniuersi 11,16 uniuersam 55,

23. 6612. 68,18 uniuersi 157,7

1111111111. 47. 1. 187,15 uiuidum 1979 uniuersae 68, 22 uniuersos 138, 24

1111161110 66, 28 111111111111136,20 11111627,7.50,16.110,25.117,19.

1111111111 61, 13 umidi 23. 17. 14421
1111161110 18, 171164, 11‘· umidos
111, 22 umidis 1:15. 22. 166, 27.
18611 -- 6111111. 111 1111111111 28216
1111111111 123, 27 111111111611111
um

uuuu· 17,18. 45, 10. 123, 26. 126. 9.

1366 16646. 1706 167, 16 111110-
16 1521.111,51.15.11.15.1:3,11
46, 60 46, 26, 66, -4, 26, 67. 1. 4. 59,
1 '1 1¹1. 111¹ 6616, 1336111137.
5 46 477,0,1114.11·1,186,16,168,4

137.3. 20624. 234,16. 236,6.252,1
una 15. 7. 10. 11, 8. 9. 48, 13. 72, 8.
73. 14. 15. 18. 77,15. 23. 78, 25. 76,
5. 80, 15. 17. 82, 214. 87, 18. 91,
17. 23. 62, 8. 63, 13. 9510. 100, 4.

666666666 “

1. 2. 111, 13. 16. 149, 19. 16313.
214,10. 2952. 2354 238, 17 51⁹8
249, 15 252,12.255,71111111117,26.
6,,10 38, 25. 39, 2. 47, 25. 71, 25.

666661666 ·

9149, 14. 158, 22. 23. 211, 19. 235,

 

