- 135 -
66066 a, n) 6066 16, 11. 1666111006 saeuas

11010404’11116111104,1 1106111111 16, 17
Tmoliten *197, 111
tofus 42, 17. 44, 11.*14.107, 17 1010

tractationum 180,1 tractat tionibus

10,3.,1764.177,4

110610 tractarunt 34, 6 tractantur

44,17 tractando 3016

43,8 (1010011100.44,146[”.41,17) 1111610116144,11 1161101100143,

101111 113,18.189,13.13.160, 1.*167,

19. 144,6 tractoriis 161,9

11 6116101110118) 174111011110 1111(1113,11 116661601133,19 tra-

tur 189,1 10116101· 179, 18 61111-
11111166186,10 10116116 131, 8 sub-
lata 60,1 1011010177,19,193,13
sublata 107,11. 144,7 6011111116
185, 6. roas

tomice 166, *13. *19, *11

tonitribus 119,10

tonsore 137, 8

tonus 168, 19 1001 111,18. (16.)
1000 110,11 tonorum 111,6

10006 111, 11 tonis 112,2
topiarii (topeodi) *119, 18
topiorum 171,16 10016 171, 11
torcular 147, 2. 12
torcularis corraserat. 146, 17
torculariorum 144,16
tormentorum 2,5
torni254,4‘4 tornum253,3 10100119,

(16160100, 14 11611610169,13 tra·
diderunt 16,1 traduntur 149, 11
1110160101 *1, 11. 10311 tradere-
tur 4,11 traderentur 64,11 tra·
ditum 661 1331311411 1111111111
6611063 traditae 6001 101, 11
tradita 61101 136, 11.243, 14 1111-
diti 6101 166, 7 tradere 155, 5
tradituros (csse) 61,13 traditam
163, 10 tradita 141, 8 traditas
117,1 tradendos 166,11 1166160-
das 161,10

traducitur 14011 traducuntur 17,

4. 148,1.149, 6 traduci 119, 0
traducentes 168,14 traducta 88,
10, transduco

tragicum 110,10 tragico 171, 13

tragici 110,16 tragicae 119,11

9.138,17.140,14.100,6.161,6. 161, tragoediam 168, 10

16.174,19.178,19 10101146,1611611001166,6 trahentes 255,18
torquetur 66, 14. 141,13 torquentur tracta 17, 17

161,11.108,11 torquendo 133, 8. 1161611101 36, 4 traicitur 146, 10. 147,

16611 torquentes 163,1 16111

061069 101116 171,1
tonilum 66,1 101010 5317
10106 77,14.16,11.174, 19 10111111 99 ,16
10 tidem 68, 16. 76, 10. 113, 11
totus 160, 16 0100 60611100,

10168, 11. 164,13 1101611101111
149,1 117110 11616616 661134,
11 traiectae 6001 179, 9 1101661011
147, 11 11616610160,1 traiecta
13016 11616610 166, 7 11616611
148, 9. 149, 0. 7. 11. 111, 15. 170, 6

1.81,1,84,4,136,11.177,1 101001 traiectae 140, 9 11616616 17818
76,13.109,4,116,11.18414 101106 traiectionis 00,16

138,1.116,1). 11011. 14. 16, 7. traiecturae pl. 100, 13

19, 1. 61, 7. 66, 13 1141613414.1161060649911181631017313
*66,4.71,11.98,11.101,11.10311 tramutata 113, 0 0. transmuto

1011 49, 11 101100 138, 14 101610 trans contra 119, 7. 116, 13 trans

31,18.111,13.173,3.1700184,

6600611101 6. acc. 43, 16. 17

l.14·. 17 1011110 116,1.116, 13 transduxerunt 9013 0. traduco
1010 80, 8 10161016, 8410163,116066011606111101,3(116,13)11606-
16. 171, 4 10111768101116116,3 6001 191,10. 114, 18 transire

111111180186111611160166) *17011

, 1668 116116600οο 134 4 transiens

117, 8. 11 transeuntes 83, 7

trabem 14181 trabes 71, 13. 88, 11. transf’erunt 131, 23 transicrcbant

1036.7.107,1e.13.143,8.12.13.

11110.148,18.140,8.161,8.1780

trabibus 140,16 trabes 100, 13.

106, iaaaat. 107, 13, 26, 141, 8.

9. 161, 11, 14. 17016 trabibus 34,

30. 69, ⁶44. 140, 16176, 13
tractabilis 33,13

19, 1 transferret 181,11 transtulit
1601118014 116061016100186,
14. 801. 181, 1 transtulisset 1,1
transfertur 243, 5. 163, 9 11006-
feratur 9410116, 11 translatae
sunt 88 4116061616 sunt 101, 16
116061616106111103,91061111114, 1

 

