-137-

umnnnmeo
Troianas 172, 20 Troianis 198,16

tropaeum 61, 23 tropaeo 5,4 tro-

paea 52,2
trucidati sunt 51,18

mnnmmwamQ
6666Η66666.
6666666666
666666

116116111622, 13 tunsae 164, 18 tun-

trudit189‚18 trudunt 188,21.*260,8 sam 41,11 tunsae 166,14

trudens 188, 23

turgentes *61, 16.194,11

trullissationem 167, 24. 170, 22 trul· turgescunt 63, 27

1166116116 167, 17. 170, 23

turgidis 200, 27

trullissetur *12117 166, ’25. 176, 2. 11 turrbulum 230, 18

trullisscntur 167,16
trunco 86,8 trunci 76, 25

turiferae 197, 21
turricula 274,14 turriculae 278, 22

’ trutinum 273,6 trutinarum 245, 21 turris 59, 23. 66, 3. 130, 27. 276, 1.

trutinis 263,18
16666

666616666661
1666666666

obl. 11,1 uestrum 174,16
tuba 260,2

274, 1. 6 1111111111111116111)25,*4. 6.
*273, 26. 274, *2. *4 turres 21, 6.
22, 6. 11. 129, 5 turrium 15, 11.
6666666666
36, 2. 273, 10 turribus 21, 8. 22, 3.

tubulus 209,15 11151111-124,7. 209, 1116611611111140,7 tuscanico 71,19

10. 11 11111111οω111 124, 10, 209, 20.

tuscanica 140, 8 tuscanicorum

210,2.237,17 tubulos 237,15 102,2 tuscanicis 00,8.101,25

tubulis 206, 24. 210, 4. 16
tubus tubi *2768

tussio tussiunt 23, 22
tussis 24,16

11161111 21, 18. 88, 18 tueatur 5,18. tutela 30,7
21613 tueantur 128,23.207,14. tutus tutu 184, 20 tutum 164, 25.

6666666666

32,17 tutae 274, 9 tutu 45, 6.

5. 13. 204, 20-11638. 184,7.204,21 145, 23 - tutiorem 184, 24 111110-

tuendus 129,8
tugurio 35,15

ἒ6768 22733, 11. 22, ,15, 148, 6 - tuto

1111113,4.*21,13.22,2.26,*0.16. tuus tua 1,1 11111,9 ruse 31,24

*QQustwQsQuQ
ΜΨΜ666666

tuo 1,16 tuum 1,4 11111111 2,1
1116·1,3.32, 15 1111615

26.108,13.139,1. 166,13.170, Tyana *1969 .
21. 174, 7. 187, 5. 20. *189, 3. *211, tympanum 82, 8 100,15. 238, 4. 239,

146616666166166,
),248 11. *206, 10. 272, 7. 283,
*15, 27 611111-11111145,’10.<66,

14.>103, 17. 148, 28. 155,4. 178, 20

tumescit 208, 20

tumidum 74 2 1111111166*54,14
tumores 1946
uanfflQfflQc

16466666616
6666666666
6666666666
16666666666
6Ἥ616661666
66’Ὴ66.6,16,66

7.116,16. 121,2.124,22. 123,11.

66.6,6.6.6.6666,
6Ὴ666666666
6666Μ661666,
6Μ616661666,

’.6 814. 257, 16. 17. 268,23. 24. .

264, 3. 6. 12. 15. 16. 265, 5. 11,16.
22. ’25. 26 tympano 239, 12. 263,
25. 265, 10 tympanum 239, 17.
240, 20. 247, 22. 248, 10, 11. 13.
256, 4. 257, 16. 263, 21. 264, 11.
265, 2. 4. 12. 21. 284, 15 tympano
nwmwQOnmu
26613 tympana 82,11. 03, 7. 98,
12. 238, 8. 255, 20 ’1166611666
268, 22 tympanis 130,16

17.20.’130,3.7. 16. 21124. 26.’131‚'1yriui 273, 4

23.137,3. 16. 144, 9. 145,6. 146, Tyrrenico (Tyrrhenico) *61,4
mmmuwmnme ,

21. 165, 13. 29. 167, 25. 169,10.19. uaccinium 182, 24

170,12. 176, 10. 179, 4. 186, 5. 23. uocuitutis103,26 uacuitatem188,22

666666666

1666116166 45,12

 

