..36-

11114108 160, 2, 273, 17. 19 Diade
*111, 11

diagonalis 213, 28

diagonios (1111 141, *5. *6, *153, 23.
*213, 26 diagonio 214,1 (111οο-
nioe *8111011111

diagramma 110, 21. 116, 2 diagram-
mate 136, 15

diametros 79, 7. 100, 24, 101, 11. 271,
14 diametri 118, 12. 13 diame-
trum 101, 71203131 diametron
118, 510. *263, 13 (1101110110 74, 5,
79 5. 100, 22. 226,11. 204, 25 (118-
11101100*234,23.’235,1 diametros
11141111

Dianae 5117014. 11, 11. 101, 19
159, 2, 8. 151, 5. 7. 249, 28. 251, 22
Dianael3,9.85, 1

111,1. 111,11. 111, 11. 111, 1. 20.
14111, 4. 111, 1. 199,19.199,1.19.
111,10.1111111111111111,
9. 229, 19. 299, 1. 1. 111, 20. 294, 4.
11111, 19. 1111114111). 111,1.
141, 1. 141, 11. 141, 11. 111,1. 110,
1. 111, 1. 111,111. 11. 111,111.

114, 11. 111,14. 11 dicuntur 41.

11,11. 41, 14. 99, 29. 11, 14. 100,
11. 111,11. 111,11. 1141. 111,1.
7 1.50, 6. 18. 151, 2.3. 151, 7. 175,
21. 192, 24. 198, 18. 199, 3. 229, 14.
239, 5. 253, 18. 268, 9. 276, 3, 277,
13, 2783 (110 us es 237, 9 dictum
est *78, 12 175,16 (110010 30, 23.
88, 8. 131, 24. 157, 8. 181, 11. 21
dixisse 37, 23. 62,18 diiendum

260, 20 dicentis 31, 20

diapason <1,11>’111,11.11.11.14 (6111111 141, 10

113, 27 diducatur (ded. saepe libri) 79,16
&danum *12, 22 diducto t,25 24. 28, 20. 234, 2. 9.
diapente 6, 15. 9, 19. 113, 17. 22. 24 2337 (11(1110111 70, 15 diducen-

114, 2. 9115, 17. 28 dum 235,16
diastylos 7014 diastyli71, 10 dia- dies 28, 4. 221, 22. 236,3 (1101 227,

stylo73, 11. 76, 7 diastylis*93, 10 7. 23 diem 34, 228 68 ,.7 226, 8.
(1101018010116, 15. 9, 19. 113, 17. 22 238,13 (110141015012. 187, 5.

11.114,1.1.11.14.1ι1,1111 11. 1’4. 111, 11. 110, 9 111, 9 ’14.

1101). (4111111111). 141111
διάθεσιν (0111110110) 11, 12
(11310100 (diathyra) 191,4
διάτονον (diatonon) 111, 15 διατό-
· νους (diatonos) *48 18 diatonon

(diatonum) 111,*11. *23. *24 bis.

*13.*17 diatoni 111, 19. 115, 9

diatono ’111,11. 119‚s
δίαυλον (diaulam) *127,5
diazomata *1191 diesis 111, 23 dieses 111, *11.*13
dichalca 68, 3 doetevyos'vov(diezeugmenon)113, 14
(11011116, 21. 28, 14. 66, 20, 67, 8..9 diezeugmenon* 112, 19. 113, *1. *2.

16 68, 4. 77, 15. 82, 5119, 13 135, *114, 24. 115, *13. <23

24. 136, 2. 151, 1. 236, 13. 246, 8 (1120100111111172,18(110101101268,

dieamus 111, 3 dicam fat. 36, 19. 20. 280,6

38, 1. 64, 29. 83,27.99,8.102,17,1112201118 ilo, 16. 124, 20 difficiles

104, 25. 140, 5. 145,15.175,15.224, 4, 4. 14,18.132,5 (11220210184, 18

21. 225, 22 228, 3. 236, 12, 256, 1 difficiliores 255,14—· difficiliter

(11001116, 7. 206,9 (111144,16.10,21,11-(111111111’0114,13,114012

18. 138, 22. 169, 25. 179, 21. 230, difficultatem 7113

13. 2681927019 (1111111111 106 10 diffluunt 45, 4

(111011121675 89,12.132,12, 156, diffracta 01101 251, 4

21. 157,3 dixissem 33, 7 dioitni diffunduntur *1813 (diffusa 178 ,5)

3, 75 5, 20. 11, 11. 13. 17. 12, 22. 26. (11011010 281,18 dig itales 155,4

25, 22. 39, 3 7. 44, 14. 46, 19. 47, 25. digiti259, 18 dlgltum 5512. 55, 19.

50,1.1056,16.58,2.16025603.206,5(11011,0121721011106,3
. 55 ,22. 67,53. 11. 58, 25. 81, 15. 85, digitorum 55, 22100, 10. 153, 19
11. 91‚19. 111,1. 11, 1. 111,1. 12. 101, a 299,1.o 111, 24. 291, 9.

225, 814. 225, 3,53.11, 151619,
2,82 13 283 5 dles 227 21 die·
11101 220, 28. 221, 19. 225, 18. 225,
22. 227, 1. 15. 25. 233, 8. 238, 23.
230, 20. 240, 7. 241, 5 diesl78, 22.
220, 25. 221, 8. 11. 225, 15. 240, 3
(11011118 10814. 221,10. 21. 2425,
238,13--111(110111*21012-111
dies 34,10.13.225,8

14. 16. 119, 20. 131,15. 149,15.22. 14. 259, 1516101. 17 018. 18 578.

 

