-123-

1111111116272,16 sonare 118, spectaculo 24,7 spectaculorum

10. 15. 283, 20 sonando 264,18
. sonans 121,13 sonantia 114, 21
sonantes 263, 2 sonantibus 118,23

111, 14. 1111111. 111, 111411
{palpppcpbla 106,4 spectaculis 66,
· '1

sonus 136, 20 sonorum 111,12. 113, spectationem 244,4 spectationes

1111111111
Soractinae 44, 22
sordes 238,2
sororis 2,7
spargent 18, 8 sparguntur 88, 4

spargere 17,9 sparsa 266,6

sparso 206, 18 ·
sparto 166,14
spatiosus 160,3 spatiosae 127,10.

140, 27 spatiosos 109, 12 spatio·

sas 126,16 spatiosis 149, 2, 162,

23 - spaticsrorcs 143, 13 spa-

tiosiora 101, s. 14611
spatium 29, 8. 10. 11. 69, 26. 79, 8.

11, 11. 11. 11, 11. 111, 11. icae.

129, 22. 136, 3. 130, 30. 147, 16.
. 141, 11. 141, c. 111, 11111, 11.

111, 11 spani *111, 11. 111, 11

243, 16 spectationibus 1108, 14

spectator spectatorum 6, 17. 110,12
specto spectat 16, 16. 49, 6. 114,13.
’ 126, 6. 149, 7. 20. 226, 10. 17 spe·

cans 11, 11. 11, 11. 14411. 141,
26. 191,18 spectet 96, 2. 224, 29
spectent 96, 4. 102,18. 144,14.
146, 23. 147, 27 spectarent 1, 4
spectabunt 18, 8. 19,13. 117, 22
spectauerit 128,2 spectauerint

,124,6 spectare 96, 27. 36, 12. 117,

12. 128, 20. 144, 13. 18. 146, 26
spectando 146, 24 spectans 16,1
- 107,4 spectantes 143, 28 -
149, 27. 146, 10. (268, 8) spectan-

.tia131,1.144,1.147,22 spectan-

{1312me - sabat. spectantis

spatio 71,2.141,22 spatium 34, speculatoribus 288,11
30.94,21.114,12.134,19. 137, 28. speculum 168, 26 - 226, 22. 237, 11

141‚c. 111, 4. 11111. 111, 11. 11.

speculorum 169,12

1111114111, 13. 11. 111, 1. 11. 1111111141 peu. 1141 11111111,

· 23. 268, (17.) 19. 261, 16 spatio
mmmmmummmm

13 specus 176, 10.207,16.284,2.6.
*187, 22. 283, 10. *16. 19. 21. *27

69, 10. 86, 20. 96,16. 103, 26. 140, spelunca 200, 28 speluncas 34, 6

1. 111, s. 20. 111, 11. 11, 111, e.

speluncis 33, 14. 119, 27

111, 11. 117, 11. 111, 11. 111, 10. 11111111111111111 speremus
111, 11. 2414 sputis 11, 11. 11, 111, 11

16. 71, 23. 73, 20. 88, 13. 83, 18. 93, spes spem 243, 2 spe 243, 4

4. 106, 24. 119, 12. 123, 14. 233, 21. sphaeroides 206, 13 aco. 11. *266, 11
268, 47 1111111111 spatia spica *228,8 spicatestacca 16611
36,10. 69,13. 87,12. 104,12. 144, spicata 1644

2. 172,14. 221, 6. 16. 226, 22. 227, spinam 228,19

1. 26. 239, 8. 22. 240, 2. 6. 26. 241, spira 123, <6> 8 spirae 77,18. 78, 6
6; 9. 13. 16.19.21. 266, 17. 266, 9, spiram 86, 6. 123,4 spirae 76, 26.

111, 1ο. 114, 11. 111, 11. 111, 4.
11141111 spuriis (uo, 14>
*11111111111111

77, 6. 99, 24. 26 spirarum 71, 1.
111. 11, 11 spiris 1111. 11, u.
111, 11. 111, 11

species 12, 9. 16, 24. 80, 18. 88, 27. spirabile 243, 28. 244,4
90, 26. 94, 11. 139, 6. 167, 21. 171, spiramentum 100,11. 181,14 spira·

11. 114, 14. 111, 11. 111, 14. (111,

menta 170,9 - *21

8) speciem 3, 20. 12, 16. 39, 12. spiritus 109, 20. 184, 11. 20921. 241,

64, 4. 66,13. 88, 10. 71, 2214, 2.
11, 11. 11, 11. 14, 1. 11, 4. 11, 11.
107, 21. 119, 17. 26. 28. 128,18. 19.
111, 1, 111, 11. 111, 1411111111,
14 specie *76, 2. 86, *2.*Ιο 88,26.
111, r species 11,11. 11, 11. 11,
17. 13, 2. 36, 26. 83, 23. 119, 16

spppibosppr 46, 23 - speciosiora
1

4. 262, 26 spiritus 23, 27. 184, *8.
22. 188, 23. 103, 3. 208, 24. 237, 6.
244,10 11111111441111111,
16 spiritu 28,1. 33, 24. *269 26.
111, *11. *11 11111111114111,
11, s. 11. 111, 10. 111, 11. 111, 4.
28211.108,21.136,17.144,23.,189,
8. 192,28. 210, 26. 28. 237, 21 spi·
ritibus 133, 12

 

