-131-

91,11.111,11.111,11.1111111,
24 symmetriis 30, 11. 33, 3. 82, 18.
18, 18. 81, 8. 87, 28. 181, 1. 8. 18.

28. 111, 1. 188,8.188,18.181,11.
188, 1. 181, 18. 218, 18. 280, 18.
288, 22

18. 111, 8. 188, 8. 112, 8. 111, ro. amem 88, 12
118, 8. 181, 18. 181, 11. 188, 1. 8. tamquam 11111130

11111111. 2888

symmetros 12,17

sympathi3 3,18

συμφωνίαι (symphoniae) 113,11-
symphoniae 9811. 115,10 sympho-
niarum 8, 18. 118, 28 sympho-
nias 6,13

σννηχοῦντας (syneohontas) 121, 8

συνημμένον *118,18- synemme-
non112,18.113’,1<31'8>.(11,121.)
111, 1. 1’.4 1411111111.)

Syracusis 10,11.115,10- Syra-
cusius 136, 18

Syriae 119 Syria180,11.188,2.

σῦριγξ (strix) *2831

systylos 10, 1820 systylon 33,11
systyli 73,17 systylo 73,13. 16, 7

tabellas 88, 18

tabernam 50,18 taberna 131,11
tabernae 111,1.141,19

tablini 141, 810 tablino ‘111,21.

28. 1121 tablina 141,4.*141,11
tabula 138, 12. 161, 3 tabulae *101,
10 tabulam 101,4(10) tabula 101,

8 111111111111111, 11. 11111.
238, 23. 238, 1. 106,11 (tabularum
114, 1) 1111111141,11.119,11.111,
, 4.111,11.111,1.1.119, 11
tabulationes 116,10
tabulato 274, lii 1831118181271, 7
tabulatorum 274,*3. 1141111111-
lata 110, 13
(tabulina 143 ,16) u. tablinum
motionis *28, 28
tactus 41,11.’111,1.*111,19 mem

Tanais 180,13
tandem 138,8
angis 28, 8. 28, 4. 111, 10. 11419.

228, 7 tangun1108,11.107,13.
1103133, 14 tangat 181413,
18 81, 22. 81, 3. 83, 12 108,11.
11311. 101,3 tangant 114,11.

, 111, 1. 114, 12 tanget 203 7 111-

gent *100, 1 tetigerit 16, 1. 82,
11. 18 lingitur 11,11.1’11,11
tangatur· 183, 8 tangantur 114, 8.
131, 4 tange’111111888 taoti sunt
272,12 taota sunt 43, 7 tangi
281, 18 tangendo 82, 28. 88,.8
211,11 1111111141161, 1 tan-
gentes 156,1.165,19. 1 tauta 53,
17.180,1 tactae 282, 27 tacta
41, 18 - 11111 *188, 20

tantus tanta 1,11.11,4.11,9.141,1.

118, 8. 208, 22. 28. 281,21 tansum
34,0 tantae *88,18. 133, 16 tan·
lum1,22.211,18 tantam 8221.
81,18. 101,1. 12. 11111. 128, 21.
191, 2. 2888 tana 1881. 2888
tanto 63, 11. 110, 14 (altero tanto)
188,18.222,2. 1111 1111111111
tanta 113,4 tantarum 133,13
11111111,11.4ο,13.11,11.114,11
tantis 1, 8. 8, 18. 11111-1113.
tantum 118, 1. 111, 11. 218, 1. 11.
10, 9. 188, 19. 13910 1anti 49,1
tantum odo.. 8, 18. 23, 27. 28, 9.
37, 22. 131, 19. 191,10.131,19.
111,11.11.1,1

tantusdem tantundem 911011. 0011.

11. 11, 8. 218, 18. 218,28. 111, 11.
81,28. 288,18

0,16.43,10.*103,10111114. 121, (tarohesius pro Arcesius 30 ,11)
11. 111,1.191,(11)*11.144, 11 arditate 111, 11

taedae yon. 180,17

taenia 31,10 bis. 27 ·
taleae *21, 21 taleis 21, 28
talentum 9111. 278, 21

tardos 273,12 tardior 222, 3 tar·

diores 81’,18.187,18— tarde 88,
{91512431 131111113 221,3. 141,

tales 111,18-19’8,4 talia 10, 10 Tarentini 213, 21. 10, 10

talibus 188, 10

Tarentum Τ111111*133,13 (taranti)

1111111,5.11,1.01,.0 13, 5. 81, 13 Tarquiniensium 45,14
81, 8. 87, 24. 94,.2 1001111011. Γ111108*19414 111110*1031(1Ῑ11

142, 21. *110, l. 138, 18. 173, 13. taurus227,18 tauri223,24.23. 118, .

(ἳ1541ζ3,3171117,7.153,11. 107, 22.

tamen' 111119.1419111111, taxilli 111,1’4

11. 12. 14. *17. *131,1.141,13
tauro 228, 27

98

 

