„92-

249, 22. 27323. 274, 13. 279,10. ·20.
283,3 - 1155 mmm· 99, 17. 79, 21
- ne minus 80, 1. 105, 27, 111,11.

patres familiarum 159, 15. 242, 20.
23 1151151111551, 11, 22 pat-ribus
fam. 7,8.115,8 patres fam. 13928

umwfflmffim9m99mm93
mmwwmstmmmm3mmmmmnfflmwm

1999999999999
- nihilo miuus 221, 3 - 11115
miuus 05, 6 - minime 2230, 22.
9994999999
mmmmm9mm
paruulus 197,2
· 111111111111105,10 1111155158 parua
203, 25 paruo 24. 0. 231, 9 paruas
23 3,·-1 -1151115220, 14 minor*81,
9. 2-,10 18 220 10 *230 18 20722.
25 minus 45, 10, 1110, 0. 223, 3.

9999999999
MQAmzmnmmw
1151155151 31, 28. 10, 17. 47, 18. 48,
mmmmwmm99m
25 11111111151151,19. 197,9 patian-
191· 39, 19 1151515151 103,.5 111115-
rentur 1999 patietur 53, 9. 55, 0.
1351550551555
patientur 22, 9. 109,6. 15325. 202,

’ 19 11113315111111, 16. 281, 10 pati

5317. 281,7

9m1mss99999199fflmms
1111115111 239, 9 3 19 197, 9 8111, p911119 2816 patrimi 131 22 patria

9 111111511111.1·1.·1,152311122518.

31, 9 patrias 212, 9

¹9u95mm9mmmfflfflfflM9ss
wmmmnm9mmwofflmfflfflw
15 1113, 19 113, 111, 11„ 10 113, 30’ p9uc94, 23 115551ομ 2 .102,8 111111-

1111110113 87 22. 109, 19 199, 4. 113,

e9mm213, 10 11511515 10, 21 pauca

>1 1111,-,11,181,·111,155,131111110111 13 2,.0 16081111151322121. 103,

142,- ’2 15111515151125 minoribus

95,15 112,10 minores 28, 111

18 253, 6. 261, 22. 103, 25 176,15
- in 11511113 160 ,21

51111515 10, 1. *241, 5. 255, 15 mi- 5·555155151·11*116,15

1101111111 159,19 141, 3.. 39333, 11511115115111111315.1111211113

miuus 120, 20. 120, 18. 210, 8. *14.
ffl9m9fflmwmw9,
ssffissfflmfflffl
minimum 220, 2 minimam 273, 25
1515111111 58, 0, 59,11. 8919 mini-
11113282,1---3111131.151151511111150,
4. 57, 20 minimo 71, 0. 70, 21

1151555111251,21 1155511111

bis pascebantur 18, 21 1155551105

181, 20 pascere 157, ·27
passim 19, 29. 175,7

1)1ιι]111151111*163,10171,20.21 pa·
5151551551 125, 23 120 6 162, 22
pauimento 54, 2. 96, 23. 179, 1 115-
uimenta 1110, 103 163, 21. 161, 10
1155115551515111 165, 13. 171, 11
pauimentis 101,12- 162, 26. 103,
2 .189, 19

1„ 19 ,10 paululum 170,1
paulum 13,15.51,15.115,6 paulo

57, ll. 175,1.253,22-511151,
1111111551 18, 19 250, 21 paulo 70,
1.·1.21·1,21.208,13

1151355250 passuum 20,. 22 ,27,.1 paq„ „nm 4,, ,3

*203, 1. (251, 1) passus 261, 18

115511111111551111,1151113.) 110, 11
pastor 251, 20 pastores 172, 18

pax p9eis 284, 21 paee 124, 25
1155511111,21
pectinatim 22, ’20

1151515515111 2021 patefecit 221, 23 ,151110110111111511111)
patent 12,3 11115151 031. 103, 17. 11511115 05,10-227,1 pectore 95

1m,ummm9999-

13.,<11.> 227, 5 1155101262,1’8

tentem 1711811237,Ιο 11515511 1155. ombus 93 3, 217, 21. 220, 18

103, 13 1999919194, 21 1111111151 1151511152121511551151551123 131, ,
1121515518. 15525 patent 1111111 1 ,13111 ,1111111111 13311151, 11

5121.111,1·1.11,23.15,·1.45, 12.

1155111115 03, 5. 133, 4 1155115155

7015172,1222111-115151111515 13311

134, 2

Ρ51 ter (Iiiberi 1251 1113 72, 15. 122, 3.
m9mmw9999-
patris 237, 11 1111115203,13.237,8

1155115100 6- 25121 pecora 19,19.

mmmmmfflmmmn
,1,,1 1131515111 110, 20 pecoribus 18,
'¹ ¹ 1 Δ

 

