-911-

.9.156,19 116111611611116263,15 phellos 238,4. 236,14. 16 11116111
1161661116116 241, 19 239,15
perunxit 31,18 Phidias 63, 13
peruolitantia 2323 Philadelpho 158,3
peruolitat 219, 10. 221, 5 Philippus 232, 24. 273, 15
peruolo 1161116161 223,15. 227,18 Philo 159, 6. 160, 3. 161, 13
peruolantia 219, 26 Philolaus 10,15
pes 6111. 6616. 61, 16. 66,16. 15. philologiae 155, 5. 155, 20 philolo-
226, 12 1161116 85, 22. ’228, 12. 1111120314
266, *16.*20 bis. *21 hio. *2791 philologus philologi 218,8 philo-
116116111 66,19. 68, 12. 85, 23. 166, logis 151, 16 ·- abisam. 132, 27
11. 251,13 1166611,11.11,11. philosophia 5, 16. 13. 21 — 16.
611. 1616. 1111616116. 161, 161, 11 .
16. 164, 21. 170, 1. 229, 8. 231, 15. philosophus 11,4. 131, ’.4 philoso-
213,22.·276,2.278,7 1161166103, 111111111183,16 11111166011111127,11.
11. 11111. 1111611161616 161, 11. 116, 15. 1611 philoso-
pedum 66, 3. 67, 19. 86, 10. 67, 4. phos 3, 14 philosophis 6, 1. 185,8
106, *17, 21. 107, *7. *8. 117,11. philotechnis (philotechinis) *13111
120, 20. 128, 6. 141, 21. 146, 21. (111166661116Ρ111166611111) ”
147,15. 171,15. 205, 20. 267, 25. Phocaeam ²⁸85, 8 - Phocaeus 63,
11111. 161111. 2. 15. 111, 6. 21. 1611
16111. 111,*1. 1111111. 166, (pholumorum — pholuri 11116)
13. 264,17. 25. 268, 15. 275, 24. (pholydos pro Polyidos 273,16)
276, 13. 277, 20. 23. 26. 26. 276, 6. Phrygiae 196, 14- Phryges 35,7
1415 25. 216, 4. 281, 6 lis. 228, phthisicis (thisicis) *60, 21
18 1161166 *6,13.56,15.74,6.12. phthisis (1111111616)24,16
16111161111111111611,666116111116611)61111111
4106151116,16.18.16.107,14.(116116061116Ρ1111666 159 ,4)
114161172425.12112112618 physicoran, 16 physici 155,14.
19.128,8. 141, 11. 1217 146, 26. 184,2 pliysicorum37, 11 phy-
147,12.14.18.20.164,23.166,5. sicis 139, 21— 185, 8
21. 186, 26. <185, 1>. 206, 5. 207, φυσιολογία (physiologia) 6, 20
1. 11116. 1116111, 11’. 11 his. Pioeno 11, 11
16 228, 10. 230, 5 248, 23. 251,7 1116611166111111170,20 picatum esl‘
1261 (258, 1. 269 ,,12) 263,17. 276, asaia
10 11. 17. 278, 4. 279, 19. 20 111-1116101611 pictores 63, 22. 65, 21.
dibus 66,1. 6. 74,12. 14. 11. 20 15611 pictorum 145, 4 picto· ’
61111. 1611611161. 111, 11. 15. ritis 61111. 151,11
1122. 170,.2 171,1423194,23.1116111161723 picturae 49 11. 173,
214, 18279, 14 (nonnunquamoh- 19 pictlirarnrn 112, 3 picturas
Ι 1116611.) 183, 4 11616116150,15.158,26.
pestilentem 15, 5 19, 3 postilena 161,11111,1.111,(11) 11
14,1 1166111611 667 1- 20, 8. pigebit 50,9
19, 17 pestilentiblis 16, 29- pigritia 236,7
pelitilentiisimae 17,1 111116. 125,10 pilam 224, 24. 237,
11616111 11611112018.31,12 15 15 111161,7412 pilae 181,1
(peta atanasi ,23) 161611113314 2111161305 1111111113οἩ9 107,14.
1161611116133,17 petentes 20, 14 125,19. 21 152,.3 19. 23. 171116
Phaethonte 223,9 - 11116615271111165222-178,10
phalangae 255,14 phalangarum 1111611111 15217

- 254, 23. 26 plialang 16(1161)*255,8 pinacothecae 143, 9. 145 3 28 pina·
phalairgariis 254, 22 cathecis 14, 7 pinacothecas
Phalereus 161, 13 149, 26

Pharax 63,21 πίναξ (pinax) 232, 3

pharetram (par.) *236 20 ping 1111111111 172, 16. 153,2 picta 12,
Phasis 190,15 1- 190,1i pictis139,10. 3,26

 

