-180-‘

’.1551111111 2111271
supra 0410. 21, 19, 2111. 34, 21. 20.

suspicor suspicari 133,16 suspicati

284, 1

10, 11., 11, 4. 5 40, 0. 75, 18. 1111.1511151111,11.110,1.110,11.101,10

1, 11111, 111. 111110, 1100, 11.
111. 14. 101, 11.105,1.100,1.
111,1.11,111,10.1111111111.
111, 111, 10, 11, 111, 11. 11. 11111,
11. 100, 110, 111110, 111, 11. 10.
1110.101,11,101,1,11,101,0.10.
1111111110, 101, 11. 111110.
111111, 111,1,110,10.111,1.10.
101, 10. 11. 101, 11. 101, 11. 111,
11 110, 0. 1111111111. 111110.

251115. 257, 5. 27211. 27110. 274,
14. 277, 5. 7. 14 11111111 0. 000. 21,

sustinent *151 100, 19. 101,18.
151,5 sustineant 125, 22 susti-
nerent 275, 11 sustinetur 59,15.
261, 13 sustineatur 22, 23 susti-
neantur ²²39, 22. 166, 17 sustinere
34, 18. 40, 22. 52, . 123, 23. 167,
4. 170, 24. 173,12. 3. 18920. 199,
17. 206, 14 sustinens 151, 811.
239, 23 sustinentes 135,25. 273,1.
140,18 sustinentia 1735 susti·
nentes 173,26. 5,10. 105‚22 susti-
nentia 5,6

5. 22, 20, 25, 0. 9201151339, 12. 1111515237,12 susum uersum 253,26
4515, 51110. 57,10, 69,1. 75, 14. sutrinam 134,4
7111, 812813. 82, 10. 25. 84, 7. 1551 sun 282, 10 sui 102, 21. 237,

11110, 1011111. 00, 4. 01, 80. 01,
10, 08, 10. 01110, 01, 11. 18. 100,
111011. 11. 10, 101,8. 100110.
101. 11, 11. 11. 10. 1011. 111111,

11, 111, 8. 111, 0, 111, 11. 111, 0.
111111111101121.15510151,
10, 102, 22. 109, 20. 1652161115.
11111111.111,0,111,1.111,1.
1011111111,1111111115.
180,14.11.101.uu. 219, 22. 24.
222, 3, 221 10, 220, 28. 22115. 11.
11. 11111110. 1. 1, 1110, 1. 11,
111, 11. 111, 11. 111, 18. 111, 11.
250, 20. 20114. 201, 4. 15. 262,10.
201, 25. 274. 19. 275, 10. 216, 16,
111, 2102127311. 4. 0. 78. 1220.
21111, 22. 2110, 8. 11, 21

1111111111 101111

111151112525 1111111111 157,8 sur-
mmm 115, 0. 111521 -- 222, 18

1111111111 11. mmm

1111111 Susis 202, 0

11110111151115101120 sumtuum 11111

11. 239, *2. 20 suae 51, 23. 25. 54,
12. 79, 19. 89, 1. 2. 81, 5. 11. 16. 82,
12. 87, 14. 97, 9. 99, 26. 100, 24.
193, 7. 263, 19 sui 15, 23. 94, 7.
168, 16. 197,18. 198, 15. 215, 22.
224, 25. *241, 14 15111212 15515
85,2. 87,23. 178,24. 193, 14. (240, 2) -
1511111 5, 18. *9, 16. 50, 28. 63, 5.
134, 2. 163, 22. 265, 3. 279, 23
sumu 225, 21 1110 37, 2. 48, 4.
178, 18 sua 50, 21 51, 4. 74, 4.
199, 22. 159, 11. 196, 13. 282, 18
suo 32, 20, 55, 13. 81, 19. 85, 13.
115, 13. 177,19.207,18 suis 212,
23.31,9-45,12.103,4 1501
25, 5. 133, 22. 212, 16. 20 snas 51,
21. 65, 20. 87, 25. 119, 10. 12017.
13127. 195, 1. 212, 8 sua 157,18.
212, 15 suis 8, 5. 51, 19. 77, 6. 78,
1. 112, 16. 1111110. 77, 15. 92,1.
12615. 1815. 197,16. 23919. 137,
26. 139, 17, 14212, 155, 21. 198,
11214,12217,15,24.224,4.273,19

1511511115 101, 111 111515115101 210515(2515151“191,6

1100

10801'1011011'1 181, 10 suscitetur 111.
11 11110111111111· 1112

11111100101 1111. 1614

’111110111ὶὶ1 21110, 10, 239, 18 suspen·
1111111111· 1201 1111110510 211111

Π11111011110110 120, 18

“110110110118411‘ 120, 14

«111111001001111 111122 suumn-iunctae
111111 '1088 1111111101011101 102, 19
- 11111111111110110 <timu

ἠ’-111111

2111
’111111111111110 ⁰101, 111
’1111111111111111 13111, 15

1151511151 12,14.87,8 symmetriae

15101, 10. 1011. 11, 11 sym-
111555 11,11.11,1.101,11.111,
1111011 metria 11, 11. 01,
1. 8. 011511, 1111111. 119,3.
11111 1111511511 11111110.
88. 4. 80. 11. 01 18. 100,14. 118,
23. 122. 20. 10112 symmetrium
111111.1111111151101,
11011, 11, 11. 11, 1. 84,11. 184,
11. 1111111. 139, 28. 142,2.10. ,
1111. 111110 minentis 11, 11.
14111 emmonius 7216, 74, 3.
mmmsmmmsmm

 

