-53 -

- 8888181888.110,18.111,1.1·18,18
flectentur ⁶308,ss flectens 113,99
1188188108 111, 10

1181818886, 39

flexus flexu *930,0

1101181 93,91 9818191911 1181897,Ιο

110,18 fontium 180, 181888,
181, 18. 188, 818. 100,1. 101, 11.
1011 fontes 18,1.188,18. 181,
16.199,9.,193 l. 196, 91. 903, 16,
961, 14. 205, 1. 210, 91 1081111118
11,9.168,11, 185,13.188,13.15.
8111 1881818,18118810111,11 181811111118
Florae 179,19.13,0 1011111118 199, 19
1018881997 florentes 917, 10. 918, fonticulus 197, 1. 909, 9
11.169,11 101 fari 33, 96
1101111813,8 floridos 919, 94 181881811940,90.941,*7. 11 14. 99.
[10810119.111,4,194,16 11011*87, 961, 7. 966, 15. 969, 16. 979, 7.
93 florem 151, 19 11010 180, 98 981,17 000. 940, 19 911, 3. 948,
11018887, 94. 173, 14. 40, ³ floribus 1. 960, 97 966,16.970,16 1818181-
189,18 1118966,19.*13.1001’8. 18111818.
11801188 49, 91 occ. 199, 90 fluetibus 90. 907, 4. 7. 9 11181110. 11. 14. 16.

180,8

1181888 190, 10. 199,93.194,94. 190,
1, 18. 18811. 181, 14. 18,8. 118,
96. 198,16. 17 fluminis 19, 9. 39,
18. 88, 8. 88, 11. 1818181, 7. 0
flumina 111, 11. 181, 18. 18818.
188, 8. 10, 7. 88, 10. 181, 4. 188, 18

“ fluminum 90, 97. 39, 9, 07, 9. 190,
18 fluminibus 11,11. 40,10. 188,

8881111880 111, 18 fluens 1818.

109, 90 11888188 18016, 139,17

‘ muriatica 41, 1. 8 - 11, 18. 11, 18
1881181 146, 93. 147, 97
fodinae 111. 170,10

18111881*197,4 foditur 171, 14. 170,

17. 19. 90. 91. 93, 968, 3. 6 181. 969,

ν99. 970, 16. 12. 13. *14 618, 15. 17.

19. 90. 94. 271, 9. 7. 8. 10. 1317.
19. 91. 93 1811118188 19, 91. 916,
13. 966, 17. 970, 19 1010888888.
118.1888.181,8,181,8.188,18.
188,1.110,8-88, 18. 88, 18. 118,
17. 18818. 1881. 8. 181, 11. 181,
9. 6. 10. 17. 91. 963, 1. 272, 10. 14.
970, 0. 983, 90 foraminum 41, 97.
66, 99. 69, 13. 966, *8. 10. 15. 257,
9.1..,610 1919116 1719 99 94
968, 1. 2. 1. 8. 969, 93. 979, 11. 18.
971,1.7.9.19.1618111899 10111-
minibus 901,10 8811118. 909,
11181818811

94.176,18.91. 177, 3. 6. 179, 99. forensibus 8111181140, 93 - 1818881

181, 90, 190, 6 1801118181176, 4 7

53,7

191, 7 1011111181 10,9. 75,22.185, 18111008 916, 19
90186, 90 181118818191, 9. 70, 11. 18118888 98 99 18188 9811101881

194,1.130,18.907,16 81118018

*14911 18188 94, 93

181 17611 1088118 fuerit 900, 4 181818 170,.8 77, 4. 80, 0. 01, 1. 166,

1811188818881 187, 99 fodere 34,

14, 910, 7. 909, 13 form'ne’ 16, 96.

8. 118, 181 fodiendo 1881011118 1 8111. 81, 8. 80, 11. 110 8

fodiendum 977,19 1811188188 910,
98. 977, 17 188811 *1930
foliatum *118, 91

formum 91, 6. 166, 7 . 993, 0 1811118 ’

81, 18. 108, 18. 111, 11. *118,1.
961, 0 1818188918, 90 979, 0 181-

18111181 87 19. 98, 8 18118 87 19 folin murum 11, 90, 191, 90 1018188198,
86, 97. 87, 90 fohorum 87 5 foliis 13. 31 ,93,1011818 *46, 6. 49, 19

13, 8. 69, 18. 173, 5
101188 940, 90

1088 10811 13, 8- fons 00, 90. 190,

1181811110 100, 13 181818118888139, 13

formationes 09, 9 1811888881888
81, 18. 88, 8

17. 199, 1. 5. 91. 9093. 900,3 fon· formieue 993, 91

tis 00, 11. 909, 0. 907, 10. 931,14 fermo formuui 31, 91 formatur 101,
fontem 50, 7. 17. 199, 7. 901,1.1 8 formantur 141,1 101818811887,
10818190,9.199,6.900,11 fontes 90 181111818881168,101018181881 ·

18181113. 43, 5. 18. 11, 1. 118,
11.111,11.188,18. 181, 10. 1118.

881 107,6 181818181118888 139,0

1818111188 19, 19 1811811188 88, 98

94. 19391. 194, 7. 190,10.19,19. formosos (formonsos) 90318 ’

18818.188,10.108,18.181,8.18. 1018888818οΛ

 

