. ,·,14 ,,-

habuissemus 444, 314 habuissent habito habitant 29, 23. 196, 4. 4041 ·
88, 44 9111999911 7, 14. 41,26, 66, 9991199199·9991-36,8 habitan·
s. 99, 94. 94, 99. 99, 9. 999, 14. 1148, num 49, 99. 44, 41
4. 118, 4. 111, 9. 149, 4. 144,14. 1919119111 43, 4. 91,9
1711, 4111, 187, 8. 14. 2116,14. 296, Hadriaticum *43, 211
111111). 211, 21. 224, 1. 253, 14 265, 999911 (sidus) 22313
18 191999119199129,9 999999191- 19199991182919991,9991168,129918
13, 111,*21, 1. 63, 6.163,·2·2. 173,ha1·roant 248, 11 99919999 9911
22 ,2117, 11. 298,6’ 11999199176,9’ 144, 11 9999991166, 28 99999911·
991199111916,11’1.23,11.26,17.2’6 9111247, 16
6, 41, 3. 101, 19. 1’41, 3. 162, 16 9999919191 194,1
haberentur 611,13 habebitur 26, Halicarnaso 43, *14. *24
13. 73 19. 236, 19 999119991113,’1199999911991999 amaxopodes ’ ’
11. 16, 19. 165, 22 99999919· ost 119999999991937
119991119991,11“1,16.3,19,,7 1111199999 pro aniussium 4418.
268, 29,,19111,21. 2431625 2111
114 48 8. 34, 14. 99, 11. 499949,19919191149999999919.1999.
12.0 54, 0. 6“1’, 211. 55, 20. 67,6. 50, ·4144,4.·411,1o harenae 14, 14. 40,
44. 99, 999 844 .143,.8 44’, 4. 44. 4 11, ,999, 49, -4, 44, 14. 49, 48.
99, 1. ’,99 14 1'4. 94, 18. 1118, 14. 9999. 44.·411,13.484, 44 9119, 41,
1111,29.117,29,122,112. 49194. 18 1999999919 41,13.139,8,283,4
134, 23.1.“19,9,1411,17.142,2’,4. 11999911 2311. 411,1.44,15, 4445.
114, 4. 144, 1’4 949, 41. 144, 9’, 999, 444.14o,4.4o.14481441444.
141441418814. 44.141,4.141, 144,4:4. 1814,8.18o,7 ,
16. 19. 178, 29. 183, 7. 184, 812, harenarium 9999911919 49, 3. 43, 26
187,12, 111. 188,11,7, 189,16. 133, 9999999119 40,18
4. 130, 13. 294, 16. 296,11 bis. *14. h541¹nationis 169, 3
18. 219, 14. 217, 24. 218, 3. 3. 223, harenatum 99991. 169,22 99999911
8. 224, 10. 25. 226, 11. 21. *244, 111. 167,18 harenato 167,22.170,2,26
246, 18. 248, 17. 264, 6 275, 13. 9999 9999 43 21 harenosum ί197 19
276, 21, 279, 3. 281, 14 9119119999 harenoso'38,1
43, 7 999119991919911 esso) 192 6 ἁρμονίαν (unioni 4111) 111, 16
1199991174, 9. 276, *14. *22 99· hannonia 111, 22 9999999199111,
1199911133, 1 9999919196,19.67,.4 16. 116, 8 harmoniam 136,13
· 243,2 habens 46, 29. 60, 3. 66, 4. hannonia 113, *6. 7115, 10
9912292211111926.14419193, 9999109199 *1114, 14 harmonicen
18. 164,2’3. 196,19.1191,1.111,,9 1114,14
186, 7.’193, 8. <’2211, 143249, 14. ha41p41,rinot11h1s u. appagineouli
241, 2. 243’, 26. 247, 22 24919. ἁρπεδόναι 1999919919999)*231,12
266, 4 2626311121. 211,4 7’, 24. 999991018618 9999999119191611, 18,
266,4.16.276,’24 9911991919147, 196, 19 119999911999 166, 14 ’119-
4. 275, 3. 2711, 21 99991119256,15. randinibus 34,17. 36, 1216321.
*279, 8 11999111 191934, 2. 51, 17. ’(,57 23,,187 4.1117,2(1
4161112. 61, 21. 86, 19. ’1111, 17 hariispicibus 39,14
196,18. 119, ’14, 127, 1913618. 99919999991911.’999119999991
14318. 1991,99,19,19’2,29.19’,99. 999911 267, 21 haurire 73,7 9199-
166, 6. 172, ’19. 173, 7.’ 8. 175, 13. 919 ndo 189, 22. 266, 13 9199199199
*999,9,994,99,919,9, 94999, 299, 148,14.·441,8 hauriendam 444,
21, 265, 1. 267, 6. 276, 15 habentia 44. 4414, 15
115,12.146,19.269,4 habentibus (Hector pro Hegetor out Agetor
266,6,261,7 habiturum 999, 444. 277,191 .
2, 13 9991999 186, 18
habitatio 7,2 habitationis 34, 39 Hegesias 294,8
habitationes 149, 27, 36, 13.62,19. 11999199 *277, 19
27. 2116,16 habitationibus 2319 (Hegias 1991. 63, 291
habitator habitatorum 16,6 1Η919919199 pro Hellenos 8419)

 

