-Mos

133, 0. 10001302. 2000. 101, 11
0010111100 *231,21 00100100 257,

10 00100110 *276,8

104, 25. 155, 5. 215,11.251,4 00-
1101011000 155, 7. 168, 17

10100110 00110111 242,5 uetustum

00101113 270,4. 22 001127,10. 19 498 uetusta 8420110111. 46,3
00100100 119,18.129,2 0010010- 001011 157, 21
1001 117, 22 00100130174,1 001- 0111020315 uia 1912310013.

suris 50, 10. 127, 21. 209, 23
uersum — susum uersum 253, 26

251,15.255,11 uiarum 20, 25. 03,
2.250,1 01000011

1. uersus quoque 77. 77, 18. 275, 24 0101100 131, 24
domum u.*216,1 10001100001000 uiatores 199,11

quoquouersus

01010110 237,1

2. uersus uersum 103, 11. 202, 6. 13. 0100001100 208,3
104,3 uersuum 104,10 uersibus uicensimo *220, 0. 221,25. 2201619

131,13.101,2

· 1110101100 10,3

uerticem 0013. 15 110111000 229,11 uicinus 010111 148,10

110111011110 201, 8. 10262, 19

110110 0011111111 238,10 1011011110

11010100 212, 19. 272, 21 uictoribus

156, 15 uictores 51, 21

220, 15. 240,1 uertente 220, 13 1110101100 5, 4. 51,23 1110101101114, 13 .

uerum etiam 1,13

uictoria 131110. *10410

uerus 11010 28, 7 0011 similia 281, 16 1110110 210,15 uictum 131, 21
00100128, 6. 206, 10 10111023, 27. 11000 uicorum 26, 24. 28, 17. 64, 24

135,22.214,8 000104013110.

uicis 26,19

139, 23 110110144,11 10100 *137, uideo 131,17 uidemus 13,3. 88, 3.

28. 139, 8 ueras 28, 7. 57, 11 ueris
04, 0. 00, 15. *172,22. 54,5-uere

5, 16. 173,12 1. 11010
1000011110 33,15
uesicis 200, 3

000001000110111111255 uespere 16,11
11000011100111 90, 2 1000011100 144,

1011101130 220, 23
Vestae 102, 23 .

uestibulo 161,14 1001111110 13,15.
140, 14. 15. 25. 151, 2. 140, 22

uestibulis 145,19

uestigium 85, 22. 258, 22 uestigia

110, 0. 101, 11 uestigiis 002

uestimentum 40,7 uestimenta 31,17

’1700111100 194,3
100110 11001111 128,9

000110 178, 1. 5, 5. 227, 9 10010

(uestem) *178,1
110011110 24511 uestitum 131, 20
Vestorius 180, 26
Vesuuium 42, 9 1700111110 42, 28

110110 20 0 1010110 223,11 ueterem
Ι 1011 00101010 ) *55, 14.*10,11
ueteres 110,8 ueteribus 159,11.

8, 4. 53, 10. (111, 11)

00110100 21,25. 155,10 0011010110 35,
21 uetustatem 45,19. 47, 4. 48, 4.
7. 53, 4. 54, 5. 55, 21. 00140110.
151, 22. 25. 155, 2. 163, 9. 167, 23.
168, 21. 178, 2 1011101010 47, 7.
*48, 23. 54, 3. 58, 2. 03, 6. 152, 16.

139, 21. 222, 18 uideamus 174, 14.
10010 uiderunt 1013 uiderit
154, 22 uiderant 85,10.*18 ui· ’
disset 282,17 uidissent 280, 25

uidetur pass. 190, 22. 197, 7 01·

dentur 240, 26 uidere 49, 5 111·

6011100173,15 -

uideor uidetur 3, 8. 9, 8. 10, 5. 14,

10.11,1.11,0.13,11.10,10110.

10, 3. 30, 7. 31, 20. 3011. 41,14.

42, 12. 31. 43, 7. 03, 13. 01, 1. 13, 5. ,
10, 14. 55, 0. 0012. 0111. 100, 1.

11010.120,10.111,1.110,0.130,
23. 136, 11. 139, 6. 8. 21. 143, 26.

110, 14. 100, 0. 100, 11. 103,4. 110,
7. 155, 7. 155, 10. 2055. 204,15.

210, 5. 215,10. 222, 5. 225, 7. 224,
5. 10243,10.144,10.240,24.111,
18. 281, 20. *21 uidentur 3, 2. 14,
1. 1010. 25, 17. 57, 5. 55, 11. 10,

01, 22. 74, 5. 9. 75, 13. 22. 00, 11.
01, 0. 101, 15. 102, 7. 104, 9. 1052.
107, 10. 100, 4. 121, 10. 14.125,15.
124,125125,11.14.128,15.125,
4. 14. 134, 16. 22. 25. 139, 10. 14.
18. 148, 4. 10. 192, 25. 218, 3. 223,
18. 231, 4. 236, 11. 275, 20. 281, 15.
(2821) 1160110121, 4. 38, 12. *55,

6.105,11.139,4 168, 111223, 1
1160011111 19, 6. 30, 18. 37, 5. 27..

43, 18. 40, 26. 50, 25. 51, 2. 52, 5.
83, 0. 00, 0. 100, 23. 100, 20. 101,
14. 233,4 uidebantur 128, 21. 150,

 

