..52-

6gura 12,2 figurae 12,15. 66,13.

Ι 102,7 6111111131252183 figura
110101111ψ1
11οᾙΜ111ψ11,
9) 61111111116824. 236, 4 figuras
138, 22. 172,11. 173, 5. 217, 22
611111113814

figurationis 71, 27. 137,6 figuratio-
nem 66, 16. 219, 18 figuratione
184,4 6111111010123125

6111111111 51, 25 figurantur 17,12.
111111111111111
figurata 1111 158,27 (23116), fio o-11
ratum 128,19 6811111618 figu-
11115. 172,6 figuratae 86,19

filiae 151,12 filiarum 201,5

fim55m5mmmffl
filio 85, 2 filium 85, 3. 199, 20
11111ω

filix *163, 10

mmeQQmfimmffl.

*55545551w45
1110111111111
26. 144, 10 164,15. 1701311011,
wmmwwm3.wmmffl
12 6010111152, 16)237,1 60146,
29 82,16.200,16. 211, 21. 256,19
110111 13, 4. 90, 30. 96, ll. 98, 14.
155m5fim5'mQM5
1111111111111
53, 7. 68,19. 7623. 89,16. 90711.
21. 95, 19. 97, 22. 99,6. 103, 14. 105,
9. 23. 106, 7 109, 3. 19. 114,1. 118,
10 28. 122, 14. 126, 11. 16. 25 134,
25. 136, 23. 139, 25. 140, 5. 143, 4.
11Μ11110110,
1111ω1ω1111
Μ111ωω101ω1
wmmmwmmm1
Μ711ΜΜ111ῌ1

fing σο 6111111101 173, 24
61106111 111, 26. 228, 20 61111 *112

266, 2 273, 25. 274, 2. 275, 4. 280,
2. 282, l. 284 4

661111011155, 16 611111111149,4 1111111111191813 6111111-
61101111105, 11. 106, 3. 117, 6 6111- 101116, 21. 21, 24. 38, 8. 39, 12. 49,
antur 14ss,51 fin55e 1111 183‚8, 10.13,11.14,11.11,11.85,11,140
11Μ1111ω111 wmssnmmmfflmffl-
611111110111130,17 61110 36, 24 1111110 151, 21 61111110142,11
finiendas (esse) 76, 18 finientes firmus 61111 16, 17. 53, 1418. 184,12
2318 6111111263,14 6111024118 firmo 168,8 firmae *45, 18 firma

fimw55mmfifflm55 fflMQffissw-ffiwfi*

173,3 11004123. 58,5 6111116129-
finis finem 65,17.255,1 610 65,17. firmior 54, 26, 167, 22 firmiorem
250,10 fines 85,4. 138,2. 175, 24 3, 18. 46, 23. 95, 24 firmiora 75,
255, 3 6110002322-45,14.112,16.105,16-61·1111101129,19.263,
3. 10. 136, 4. 227, 5 21 277, 8 278, 19 61111151110129 27
61111051, 1. 126, 5. 131, 5 6111101011 611101110110111101110 ’
37, 2. 64, 25. 111, 8. 243, 21. 263, 16 6011111208, 8. 260, 2 61111111240, 10.
6111101οΜ113,20,185,23 6111101101 260, 10 611111114021,101,6.8
110, 21. 114,3 6111101101164,20 2125208, 7. 262,13 fistularum
60 61 19, 22. *11,0 24. 123,10. 168, 61111110208,10.25.210,4 259, 21.
15172, 4. 180, 7 182, 15. 192, 6. 262, 23 65111110 206, 24. 207, 22.
239,10.255,.7 *259, 20. 260, 3. 266, 209, 25. 210, 13 ,
8279, 22 611115,25, 24,2,,.274 60111000 41,6 60111001210,26
38, 3, 11. 26. 39, 8. 40, 20. 54,3. 12. flaccescente 54, 26
' 15. 58, 4. 61, 18. 88, 28. 91, 4. 99,.3 flagrarent 223,6
100,19.21. 140, 25. 143, 26. 146, 25. Flaminio 01100 101,18 236,17
147,28.148,3150,.316817169, 61111110930125,18,180,9 flam·
5wmmfflffimssm5m,maestffimfflssmmmm
’ 13.138,11.130,4.111,1.111,11. 29.56,11.59,7.10.60‚16.224,9 .
ω11ωωηω111111111
1.111,11 111 13,18,τ1,11.11, 111111 11,4
11111111Μῳ11111-111111
01,1.14.08,1.11,101,11.119,1. 55,5 1111 11,6.154,11.111,18
11111ᾙ1ωυ10 111111111ω1
011ω1011111.1ω11111ω1001

 

207, 23 208, 23. 259, 24. 260, 4,9 ,

