...55-

1111111111999,13 fulta 9539 11111111111113191189,4190,15
185, 90 111111111197,13 1111111111 90,9

(111111111111.Μαν,·153,96) 1111111111 190,13

fulgentes 198, 99. 175, 10Ι γάνωσις (1111111111 *179, 6

lulguri 19,971111111111 915, 95
fuligo 167,1911111111111111 180,11 gelicidii 165,1 111111111111 161,13
fuliginibiis 171, 8 gelicidioruin 15, 17 gelicidiis 49,
lulloniecm 134,1 9. 5316 164, 96
fulmen fulmine *936 (geloni pro 11111111 967,19)
111111111111111111 1111111111* 959, 91
fulturarum 15916 1111111111 984,8 geminorum (cidus) 997, 7. 998, ll.
fulturis 944,9 941, 13 geminen 996, 98. 931 98
1111111167,19 177,11 1un1un119'l,19 geminis 997, 1
fumo 171,8 - gemm-‘i 938,1
1111111111111111199’919411111111111111111 111111111111111 17, 13. 54, 6 11,11 314911
99, 99 111111111111111111 91, 9. 99, 9711111111111111111111 939, *19, *17
711,9.130,18.151,9311111614.1111111111111 *999, 19 (11.111111111111-
57,19.109,1.160,15 111111111111111-11111111)
1ο11111115,90.108,98 lumlumen- geniculus 908, 99 geniculo 909,14
tis 57, 19. 76,1 geniculis 909, 93
11111111011117511 159,1 1111119111-11111111,11 1 4139, 8. 139, 90 137,19.
nibus 108, 31. 130, 33 138, 4 gentium 134, 39 139, 90,
1911141111ndos*197,13 138,13.16.91.183,18 genibus
11111111111111111687-1111111191 19, 9.1 134, 8 184,1.7 919, 13 93
36,10 1111111111111-1111111- 1111111351636,311111111111111,117,99
1111 167, 99 (1111111111111111 939, 10. 17)
1111111111111184,90 11111111111111907111111111999,1 11111111111111998911
96 11111111931,15,111111111111ο910, 11 nibus 99910
fundendum 49,9 fumlenu 139,9 1111111118,4.19,731. 44,11. 59,11.
11111111111111 189,16 fusi 993, 4 81,10 19. <86,15.>90,96. 141,1.
fundulis 961, 9 1711, 93, 179,10, 194, 3. 99. 199, 6.
11111111111111111967, 13 11111111111961,15 900, 96. 903, 9. 943, 97. 948, 18.
fundo 176, 93. 905, 7 funden 969, 919,13. 977, 4 ccc. 13, 90. 16, ⁴39.
mmmmm9m9mm mmmmmmmumm
funin 249, 10. 90. 99. 947, *9. 19. 13. 11, 197,,’1 973, 14 generis 9,91.
mmmmmmwwmm wmmwmmmmmu
348, 9. 39 funem 951, 13, 14 3, 57, 19. 71, 3. 83, 96. 84, 91. 86,9.
mmmmmcmmmm.mummmmmmmm
mmmmmmwwmuu1mmmmnmmmmc
funibus 946, 6,917,16. *948, 99. 198, 19. 905, 4 1111111111 13, 6. 49,
mmmwc mmmmmmssmmm
mmmmmm wmmfflmmmmmm
mmmmm! 1mmnmmnmmngm
mmmm mmmwmfflmmmm
1111111111111111115,91 1111111111 157,13 93. 175, 17. 177, 91. 185, 97. 197, 9,
1111111111915,19.916,90 furti 157, 14 1989919,19.913,15.939,4.951,
furtu 157, 10 9 genera 37, 9. 38, 7. 96. 40, 3. 43,
ummwc mmmmmmnmmu
mmmm ⁴ mmmmwmmmmm
mmwfflc immmmmwmmmg
fusus subct. 951, 19 fuco 931, 19 19. 903, 91. 936, 38 ccc. 19, 95.
fusos 951, ll. 13 31, 4. 34, 10. 131, 3. 197,14. ⁶210,
99. 9311, 10. 91. 937, 94 generum
9=9mmm1 mcmmmmmnmm
Gades 979, 93- 1111111111111111111 973,8 119, 19. 138, 93. 146, 3. 151, 19.
Gaius 203,11 195,10,171,4.181,1 generibus

 

