..11-

0999Μωῌ99
33555555553553
555555555
5m5555553
99999Μ99
555533555555
5555555m3

55555535555
26. 29 epistylia 49, 7. 71,14, 82,
11. 1116, 9. 118, 13. 17. 31. 123, 12.
15555-55555
82, 3. 93, 15. 143, 16. 23. 173, 26
epistyliorum 80, 918. 107, 22. 160,
555555555

15555555555 9996969999
17. 197, 7. 198, 8. 353, 5. 2111, 13. 122, 12.113,19
21111, 17. 2117, 11. 210, 22. 211, 211, 21176161676111’·2’10, 162 7116111711 *261,
·212,11.18.211,26.216,1911171117- 20 211711οωί6766] 262, 26 11017
111111 117616 6117111) 216, 22. 217, 1. semper epitonium
·999999999969996
’.11,221,·122.·2311,0.1237,8.238,1. 121171οηί6111210,16.261,20.262,26)
216, 11. ·217, ·26. 218, 211. ·210, 27. 6171617301 267,11
5555m555545555555n
’2·’ 1.·27 2178, 211. 276,..···11.277, 20. 280, epizygis 270, 8 ἕκιζυγίδας *2728
11, 111, 2111 11 6111611616 190, 20
111 11111177 11187, 171 2111686961 190, 10
17111177 2111,1 Equestris Fortunae 71,3
1111111111 611,1.·1 2111111131 113,3 61192123ῑὶ8 147,’25
(119111 231,11> equus equi 1731111 228, 19 *19. 228,
summe 1101161611) 7 6,8 211, 220, 1 6112296
«11111171 10717 61111117166117111.67,1 Ε1111611116112110,16.217,6 111616-
111 · - 31111711 1611, 29. 179, 1. 17916. sthenis 216, 21 Eratosthenem 28,
wafflfflfflfflfl mmmmm
211,1·’1·11-1Ι11·7 11601171132660,6166176181,11.·.160,7 erectionibus
1’111·111·-31111281,11 eolori= ·219, 23
111111 123’,1 17. 236, 11 7⁸0= 112610 2181116111 ¹48 12 2181119248, 16. 249,
111. 211. 811, 1. 1113,’ ’1. 167, *11,12 12. 281, 16’ 2189176 *268, 21
1·11·1··11’22·2,23 11122111] 711116618618716911061101713
¹·5M55 55555wwmm
99119999 5555555'555
9691199196 18.53535z5555
·13·1 ·11611111 1127,13 1111111111 137, 17 20. 26. 63, 1. 17.54,14.55,4.18.
9·1991 5‚5555555555
1999ῌο 55555535555.
nmummwmmn5 5w555855m‚5
1111231711211 7ν1111111177,2.17.1, 132, 35 137, 35. 138, 27. 139, 22.
ΗΗο1 9196999996
1161111 1111 17191111 1111217111 17102 3158, 19, 1510. 174,18. 17812
111,1.·;1.17“,.121212,6,21.1,2111111112- 185, 8. 191, 13. 196,6.,200 19. 203,
9919ι1 ·2999999999

1111’11113611·111111111 1611
61111.1171161,111

lapi ·,1111111111 lam

7'pieurm 1718111111111 1·’1·711.1ηἰ*·231,13
7113166961 1·11737111(’1611111’11’1,7 11 617861 ·217, 16 erigitur 218, 120 eri·
11181111111111111211Ι.2.11,2112,1,11 2117- 11111111166·161,16118111111··33
8166119161 211213 10· 2178167111*·276, 13 erigebatur
1·“117111661111111 281, 3 17018 6118669161*·276,10. 278,
317151155 16117116111111611) 67,16 13 616617 2161112781 6126111171
6117166611711111 171, 1 ·,·60 ,16178611230022 2162111121
611711·61·11611116111.1111,111 (167 62, 3 6122176, 8. 31, 3 erectae
211711117111111111,16. 111, 9. 111. 100, 26 1711, 18. 110 21 11916110 20 216
··· wc 1113 91, 311. 113, 21 epi· 7. 18, 10 6191111111.170,21

999999999
55‚555.5553
·555,5

Ν,

 

