..43-

238, 13. 230, 1 egrodientes 200,6 elucet 230,2
3313333100,12 ἐμβάτης (embates) 31, 18 embate
egregius 30, 13 3313311162, 25 egre· 13, 30
31311132, 7. 40, 18. 57, 5. 111, 17. emboli 260,6
. 150, 8. 202, 12 egregium 3318 emendentur 02,18 1113111111111
egregia 138,10. 113, 13. 1333. 31113413- emendatur 1314.
133, 13 egregiep1.44,10· egre· 111, 13 emendate 1311. 131, 13
3133 61,1 331331331,14.5,11. 3313113111111214,0.242,1 311311-
42, 26. 52, 27. 57,10. 103, 3. 124, (latam 214,13 emendatas 01,11.
14. 133, 13. 13311 egregie 14311 113141433 3131331311311
egregiis 15311. 202, 22. 50,1 - - emendate 64, 24. 258,0
egregie 46, 1. 43, 3. 33, 13. 11, 13 emergit 11, 13
egressum 23311 33133313333204, emersus 33131. emersum 13314
3: 331, 24. 252, 10 eminet 330, 25 31111311220,22 cmi·
eiectio 24,15 1313118326 31111313150,18
3111111031 eicient 109,3 eiecerunt eminentes 0325 33317311 31111-
50,14 313313331181,12 eiceren- nentia 231,4
tur 242, 21 31331113131,14 313313 emissionem 23313
es, 11. 13 3113311133131131.133113313.
eiusmodi 33134111313114, 103, 13 emitari 13, 3. *1333
1113314. 131, 13. 13313, 13411. emittent *131, 14 11113131 13311
203,1.16 - 3113113111150,25. emissae sint *178, 12 emittere
171,23 , 83, 8. 180, 10. 211,8 emissis
elaeothesirm 127, 17. *18 103, 13
3131131311121,11 elationes 252, 23 emo emere 20318
3133113 15, 21. 28 30, 1 electione emoriuntur 58,4 'emori 55,0
121, 10 Empedocles 181, 1
elegans 11, 20. 1324. 103,10 313· &pulsarer (enpleeton) 48,7
gentem 182, 25 eleganti 173, 21. emporium 32, 18. 40, 25 emporio 30,
1734 313331133151,1.173,21 10 emporia 139,3
elegantia 13,13 elegantes 1316. ἐν repertrici (en parastasin) 68, 25
244,10-31333111313145,23- enatare 131, 25 enatantes 13317 ’
eleganter 23, 2040, 2. 160, 13. encarpa encarpis 837
178, 21 = enclima 333, 13
elegantiae 145, 21 elegantiam 10, 3. encyclios 7, 25 encyclio 132, 24
36,17.87,2 31333111386, 12 elo· engibata n. angobata
gentimalo · emm 31113131313313. 7,
elephantide 131,3 3. 33. 8, 3. 13. 1314. 13. 13113,
3131131*268, 16 3131313253, 15 ele· 3. 14, 18, 4. 23. 13, 0. 22. 21, 17. 22,
ueri *1331 1. 11.31.13,1.14,1.13 1313. 31,
31311131333 · , 13,31,3.33,1.1.13.43,13. 41, 3.
elidere 1rr‚13 13131311431341,141313,
eligunt 333 eligemus 13,31 eli· 11431113.33131313331.
geni 13314 eligeret 1313 eli· 3130. 34,3‚ 11. 33, 13. 31, 10. 31,
3111113311 311311313311111- 11. 33, 3. 31, 3. 38, 13. 11, 3. 11. 11,
gatar 108,22 eligentur 13,34 18. 23. 73, 20. 75, 3. 76, 8. 1120.
31331113311121,2 electusfuerit 77,2.78,13.80,13.84,15.87,12.
109,19 electae fuerint 30, 33 eli· 8311. 8013. 13. 2022. 90,3.13.
gendes esi 133141131 eligenda 31, 13. 03, 1. 3311. 133,·11. 131,
331 30,3 eligendi sunt 204, 22 23. 102, 9. 103, 7. 9. 23, 194, 19.
eligendae 3113 108, 13 eligere 103, 13. 108, 11. 33. 100, 3. 110,
48,31. 33,9 eligendo 380,11 1223.111,4.113,4.25.118,8.27.
electis 11314 1134, 111, 11. 11313. 131131.
ellychnium u. enlychnium 130, 3. 120, 4. 131, 17. 132,18. 133,
eloquentiae 1313 31313113331 13. 131, 4. 133113333. 141, 1.
Elpias (elphias) *20, 11 3. 144, 18. 24. 145, 5. 147, 1. 2. 5. 8.

 

