„41-

duplicatio 914,6 duplicationibus
913, 99 duplicationes 7613

duplico (111111161611119176 dupli·
«cere *916 19 duplicari 913, 16

durescendo 166,7

duritiem 66,16 ,

duro duret 194,10 durare 17, 4. 46,
16. 48, 99. 67, 16 duratae 49, 91

durus 76, 90 (11111111116,94 duri
196,6 duro 69, 90 dure 949,6
duro 47, 91. 979, 9 durae 44, 99.
6666166666
durior 964,11 duriore 41,6 du·
riores 68, 4. 966, 14 durissimis
1-94,19 - (111116196616 durius
66

dux ducem 167,91 duee 4, 23.85,13
duces 979, 90. 84, 96

Dyris *190,18

Dyrrachium 196,19

6666666666)
6666666666
6666666666
6666666666
666666166661
6666666666
1ο.11,11.41,11.13,*8. 6 15, 6
93. 46, 27. 47, 1. 6. 90. 48, 16. 99.
6666666666
66666666666
6666666664
21. 84, ὅ. 8.11. 14. 16. 18. 87, 18.
6666666666
666666661666
6666666666

6666666666

6666666664666
6666666666
6666666666
6666666666
16666666666
6666666666
6666666666
6666666666
6666666666
·6666666666
166666666666666
6666666666
6666666666
6666666666
6666666666
6666666666
6666666
6666666666666666
6666666666
6666666666

6666666666
6666666666
6666666666
6666666666
6666666666
66666666666.
16666666666
666666666166
66666666666
6666666666.
6666666661
6666666666
6666666666
6666666666
6666666666
6666666666
6666666666

6666666666 ’

646666666166
6616666661
666666666666
6666666666
6666661666
6666666666
6666666666
6666666666
1666666666
6666666666
6666666666
66666616666666
1666666666
616666616
6666666666
9666666666
6666666666
6666666666
6666666666
6666666666
6666666666
6666666666
1666666666661
646666661666
166666666166
16666666666
6666666666
6666666666
6666666666
6666666666
6666666666
6666666666
6666666666
1666666666
1666666666
6666666666
6666666666
166666666646

 

