...⁸32 .-

curari 11, 1. 118, 9. 200, 22 661611- Darius 155, 17

dum 21, 9. 212, 7

datio 39, 4

currit 165,6 611116111117,11 661- dc 1,7. 1015. 16. 3, 6. 4, 7. 5, 20. 8,

rendc 1353 currens 138, 6. 216,
2. 221, 6. 223, 14 currentis 211, 2
currentes 171, 12 ante currentes

cursim 252,3

cursus 7, 13. 227, 13 cen. 227,16
cursui 135,12. 18216. 187, 26.
191, 16 cursum 1618. 271. 61,
1626. 138, 21. 151, 8. 198,1. 221,
2. 7. 1722616. 221, 3. 4. 11. 15.
25. 22618. 227, 8. 18. 21. 238, 20.
210, 1. 254, 7 cursu 11, 9. 16, 20.

131,17. 20. 115, 2. 182, 3. 21827.
220, 6. 221, 18. 225, 17. 232, 6. 241,
8. 0 cursus 208, 16. 219, 20 661-

sibus 219, 3. 226, 2

66166161661,8 107, 7, *268, 6. 270,

14. 20 6616616166 94,5 ,,120 6.

126, 26. 49, 26 66166161616 49 28.

117,5.11. 120,.1 126, 21. 180,12.

2061827613. 23 6616616666

107, 6. 108, 21 6616616166 129, 2.

*270,1) 6616616166 189,17
curuus 66166 113, 18

custodis sidus 228, 9. 229, 16. 228, 5

Cutiliis 194,3

6651616113 cybicis 104,2
cybus 104,5 ,10 cybum 104,3
cycladi 176, 20

’ κυκλικήν (cyclicen) 213, 26
κνκλωτήν (cycletcen) *252, 13
Cydnos 191, 21

<cygno 182,18)

cylindri 250, 20 (cylindrorum 217,5)
cymatium 81, 4. 11. 18. 97, 11.13. 26.
6661666
98,1.81,21. 92,20.99,2 cymatii
rmmmwmmmmmi
81,19. 91, 23. 97, 17. 20 cymatiis

66-

6666666

16666666166
6666166666
mmmmmmmwfflc
6666666666666
61666666666,
16666666666
616161666666,

mmmmmmmmmm.¹

661666661666116
6666666666
166666666666
666666666166
66666666666
6666666666
Η6666ΜΜ616
6666666666
616666166666661
61616616661666
mmmmmmmfflmm
erwmmmmmmmmm
1Μ666666ῌ6>
31666666Μ61
6666666666
6666666666·

-mmmmmmmmfflm

66616666666
6666Μ66666
m,m.mmmmm‚ma,m
rmnmmsmmmm
mammmmwmmm
rm‚1mmmm1m3m
mmmmmm,mmm‚
mmmmwmmmwmn
6666666666
6666661666616
mmmmmmmmmm
166161616666666
mmmmmmmmmm

dealbentur 176, 22

cymbala (cymbali) *281, 11.*262, 19 debet 8 9 9, 4. (30, 24) 90, 4. 117,

cymbalis 262, 22

κννοσουρά (cynosura) 229, 19 - cy·
nosurae 230‚4

cyprium *186, 29

Cyrcnae Cyrenis 198,1

Cyrenaeus 10,16 Cyrenaei 216, 22

Cyrenaeo *27,2
Cyrrestes 25,3

Cyzicenos 143, 27 Cyzicena 149, 26
,1Μ6Μ666666

damnati 153,2
Daphnis 161,9

20.118,10.120,20.131,5 1.·- 8, 25.
147,9.153,.4 167,.4 175, 21. 266,
76οὛ2691615 (1656111186,
6666666666
666Μ66666μ
22. 127, 25. 143, 5. 144,18. 145, 25.
6666666666,
66666666666
debeat 10, 22. *30, 24. 33, 3. 139,

2662 debebit 143,4 debebunt
27, 7 deberent 280, 2 debere

 

