-. 74

10.20.221,5 13313 13,23.11,15.
13, 313. 15,13. 25. 15, 5. 15, 24.
13,3.13.23,1.1.2.11. 21,13. 22,
11. 22. 23,1. 21, 11. 21, 13. 33, 5.
12222312,11122123111.
3. 13. 13, 1. 13, 12. 31, 12. 32, 3, 31,
22321.11,3.31,1.32,13.23,13.
102,1. 133,13.13.112,23.111,11.
113, 11. 123, 25. 25. 12213, 133,
11.132,1. 135,1. 12222. 110,11.
151, 5. 100,21. 155, 2321. 151,4.
152, 1213. 155, 15. 20. 25. 1133.
5. 11. 15. 21. 25. 155, 11. 112, 22,
21. 132, 2. 132, 3. 133, 15. 21. 133,
,1. 131, 25. 133, 5. 155, 11. 22. 122,
1121123. 101,1. 15. 12313, 135,
10. 151,10. 11, 123, 213313. 205,
2. 232, 21. 233, 2. 222, 5. 211, 5.
215, 23. 215, 5. 11. 220, 1. 221, 11.
233, 11. 13 233, 5 231, 21. 250 5

1111, 11. 231, 11. 13, ⁴22. 235, 21

- litterarum 7, 90, 917, 93 litteras
31121, 11 litteris 2, 21. 3, 1. 3,
2.11,3

litteratura 1111,16 litteraturae 133,
98 litteratura *139, 91

1111212123 3,19 1111211111 155, 17

litus 19, 21. 93. 99, 1. 199, 99. 131, 15
litore 40, 11 litoru 152,15.55,5

liuidum 189,6 11211111 15, 25

locationis 918, 96

locatori 5,0

locauit 178, ‘93. 915,13 locauerunt
251,5

loculamentum 963, 21. 961, 7. 965,
4.15, 907,8 loculamento 961,1.
255,5

loeus 25,19.32,21.13,23.15,-2122.
7,.11 9 ,99, 9 101,6.105,99.108,14.
99 199 17. 12.191,3.125,1.1311,
16. 91.96. 149, 4 19. 159, 9. 156, 13 984,3

951691917019178181826. 1223133 (1311212111 *19016- logei

186,96. 187, 6.3.18. 995,14. 999, *199,19

1. 213, 11, 15. 25. 232, 11. 231, 11 11333 (logos) 2, 22
lori 1-1,4. 11. 15, 98. 17, 6. 25, 90. logotomus *235,11
r32, 5. 35, 11. 50,13. 53, 21. 12, 2. longitudo 13, 12. 01, 21. 31, 11. 22,

33, 1. 123, 23. 13221. 11323. 1122,
13.) 1231. 122, 3. 133, 2. 111, 0.
11212. 133,1. 133, 22. 121, 15.
*123, 3. 223, 12. 233, 11. 231, 13.
23313213, 15. 255, 11. 233, 1.

201,12. 977, 11 (2. 32 quo) lo·¹

12111111, 1. 16, 7. 90, 11. 91, 9. 31,
91, 3911. 33,19. 31, 1. 19, 21. 59,
3. 88, 17. 114,1·9. 123, 8. 118, 15,
170, 713. 187, 12. 15. 99. 191,19.
199, 1. 913, 193, 11. 106, 25. 255, 10.
959, 7. 255,-1. 96311, 961, 9. 965,
3. 983, 11, 981,5 1000 14, 15. 20,
17. 23. 2218. 30, 8. 22. 33,16. 37,
3. 59, 15. 53, 99. 79, 9. 851088,
99, 91, 15. 108, 30. 111,1. 117, 6.
1‘99,17.130,13.136, 1. 116, 99.
*147, 10. 113, 17. 158, 21. 185, 25.
187,13, 17. 91. 90816. 215, 11.

11. 133, 12. 133, 3. 113, 13. 123,
12111, 1. 11313). 121211. 15.
15. 11213. 143, 3. 110, 23. 233,
4. 957, 94. 959, 19. 967, 9. <1.>10
11121311. 15. 20. 21. 255, 1. 5.
250, 23. 250, 13. 15. 21. 251, 1. 5.
16. 18. 99. 977, 99 longitudinis 95,
25.51,11. 105, 25. 135, 30. 111,15.
113, 5.11.152,15. 211, 15. 253, 15.
233, 12. 12. 21. 2123 longitudi-
112111 19,19. 78, 18. 93, 4. 95, 15.
133, 12213, 25. 2551. 255, 5. 255,
91 longitudine 76, 11. 99, 9. 105,
30. 105, 21. 125, 20. 131, 11. 215, 2.
997, 99 958, 68118. 961, 18. 966,
7,968,15. 971, 4. 979, 3. 975, 4.
981, 4 longitudines 31,98. 110,
98.167,18.48,14. 914,14 997,16
longitudinibus 51, 7. 101, 93, 947,

931, 1. 921, 91, 954,.9 969,11 1011 9 ,969,7
*6122 ,191,’2 10311 49, 91. 43, 6. long “us 79, 93. 913, 18 long1377,19.

111, 10. 121, 3. 122, 21, 1'15, 5. 111,
25. 115, 21. 155, 21. 155,25. 211, 1’
locorum 7,1. 15, 11. 22. 121223,
5. 13, 4.51,2. 101, 21. 121,15. 131,
9. 138, 19. 139, 94. 39. 179, 15. 174,
12. 155, 12. 201, 1. 5. 215, 21. *25
locis 30, 3. 956, 91 loca 21, 11.
31, 5. 35, 12. 33, 20. 105, 21. 112,
23.1121213,123,11.131,1.122’

196, 15. 905, 20. 908, 15. 918, 93.
951, 7 longum 38 97. 147, 14 aco.
2333, 122, 21 longo 5510 205
90. 913, 95 longi 143, 30 longae
5211. 111, 15. 907, 25. 979, 3 lon-
gas 31,1— long1018215.16.
51,15. 125,11.255,5.12'1ong10-
rem 255,15 longioia 149, 20. 968,
1316. 95516 longissim’um 908,

 

