-141-

16. 280,1 6111616111· 60,2 uide·
rentur 4,19 uidebitur 3, 21. 35,
13.16,3.36,16.166,1.166,1 ui-
debuntur 13, 5. 3. 13, 21. 32, 10.
3316. 352. 135,24. 213,5.3 uisus
631 215,15 uisum 336 28,13.31,
1. 43,11. 243, 19 uisi 31111 91,9
1131163361 88, 28 uideri 14311.

uirtutes 13, 20. 52, 5. 54, 4. 255, 6.
16, 11. 33, 6. 36, 13. 40, 23. 4415.
45, 13. 43, 24. 55, 23. 53, 13. 51, 3.
61,16. 113, 3. 131, 13. 1333113,
11. 11313. 135,12. 133,15. 133,
16161,16.116,13.113,1.113,16.
244,13 uirtutibus 31, 2. 44, 19.
61, 6. 61, 23. 1311116316

225,1 (113661,1)- uidetur 116, uis 1613. 11, 11. 11, 5. 66, 3. 63, 1.
13.111,16,133,11

1111113113 119,9

(11161113 200, 2)

uigilantiae 12,5 uigilantia 204,9

uiginti 03, 4. 34, 12. 15. 141, 21. 143,
13.103,4.206,21.263,11

uigore 12, 3. 115, 3. 151, 3. 225,13.
243,14 uigo1·ib03138,3

uillam 1434 111113 141, 26 uillae
146,16.148,5 uillas 148,3 uillis 1316) 241,15.253,2
143, 6 uisitationem 226, 6

1111311311 141,4 11131113 16, 19 113116 uisitata 213, 21

111616 11116633 sint 43, 14 uisus 35, 4. 139, 9. 186, 22. 82, 16.

uinco ,1111631 116,1 uicissent 212,6 96,9 uisum 88, 31 111311 *9, 20

uindicat 245, 22 uindicatae 166,6 uisus 134,0 11616

111613 106, 16 uita 184, 20 uitae 2, 8. 32, 10. 36, 11.

uinum 143,5 uini 136, 20. 133,14 131, 20. 132, 21. 155, 15. 204, 23.
uinum 133, 11 11113 180, 22. 200, 232, 9. 246, 6. 211, 18 uitam 18,16.
23. 24 3116. 184, 9. 24. 185, 14. 204, 20.

uiola 11161311 132,13 1116113182,22 213, 9. 246,Ι 23 111131,10.36,1.

uiolaceo (io) *1311 131, 3. 133, 2. 212, 10

1116131663 166,2 11131611 01,11

1111 uiri 160, 6-1111611111211, 13 uiris 11131 61, 3. 18611 1111166, 268,10
10,21 1113313323 11113 4,16 1113112311111113111166,9.29.118,

111331121810 1111113601 uirgis 18 133, 14 uitiantur 33, 23. 144,

163, 11. 220, 2. 250, 1.234,13. 131,
14. 234, 3 uim 41, 16. 63, 11. 133,
13. 133, 20. *136, 5. 253, 25. 253,
21 ui *13,11.*30, 13.45,11.133,
11116. *116, 13. 211, 3. 244, 15.
2532 uires 152, 20. 134, 12. 31, 11
uiribus 24, 18. 26, 22. 41, 21. 80,
11. 163, 16. 13. 163, 14 (61. Rosa

31, 5. 125, 25. 135, 6. 20.v 204, 1. ·

53, 23. 155, 3. 116, 11
1113113113 8611
uirgo 85, 21. 23 uirgines 86, 18.
282,1 uirginum 201,ss — uirgo

21.155,5 1111311111 110,3 111113-
131111111 16, 13. 21, 23. 166,12 111-

ῗ3ἑ3ἳ311116 46,14 uitiatum 6336 ,
Ι 1

2235 uirginis 230, 24 uirginem 11161633 63,12.*210,6 uitiosum 210,

116, 3. *136, 21. 241, 13 uirgine
1131111111 239,1 Uirgula 298,13.
239,1 1111311133 239,8 uirgulis
34, 3. 15. 233‚5
uiridis 116, 20 nitidissimo *131,11

1. 56, 14. 11, 6 1111163311 63, 16
uitiosi 38,11. 194, 8. 24 uitiosae
103, 23. 1523 uitiosa 13, 16. 161,
4.104,15 uitiosos 193, 23 111116-
333 66, 18 uitiosa 19,1 uitiosis
103,20. 24, 13. 205‚2

— 3611631. uiridia 143, 23. 144, 3 uitis uitium 191, 8. 246, 18 1111613

uiridibus 1131611

201,4

uirilis 35,22.31,25—35,26 uirili 11111111 23, 18. 210, 3. 243,5 uitio

133621. 161,1 uirilia 125, 6. 166,

Virtutis 69, 20. 1621 - uirtus 204,
21 uirtutis 1, 10. 5, 3. 3. 252, 10
uirtutem 13, 4. 41, 21. 43, 1344,
11. 61, 13. 54,15. 16311. 133,20.
200, 3. 203, 10. 254, 11. 235,13.
. 216,21 1111111611.1131311113

1633 uitium 43,10.152,15. 153,
5. 134,3.13. 1331 uitio 13, 23.
23, 11. 11, 15. 50, 22. 113, 15. 13
1161 13,21.24, 13. 53, 161, 6. 22.
32,15.105,22.13,15.40,11.51‚3.
1631. 161, 12. 134,21. 134, 1. (3).
21. 233, 24 uitiis 21, 25. 24, 10.
45, 10. 53, 3. 54, 5. 53, 15. 53, 14.

 

